1000 3
0 1
0 2
0 3
0 6
0 8
0 13
0 97
0 958
3 4
3 15
3 18
3 59
3 116
3 790
4 5
4 9
4 10
4 250
5 7
5 57
5 512
5 655
10 11
10 356
10 399
10 624
6 12
6 14
6 38
6 68
6 740
13 16
13 17
13 21
13 30
13 33
13 86
13 95
13 101
13 111
13 196
13 684
15 19
15 37
15 81
15 98
15 183
17 20
17 23
17 27
17 56
17 140
17 142
17 615
17 813
8 22
8 52
8 55
8 637
1 24
1 532
2 25
2 128
2 323
2 389
2 610
14 26
14 71
25 28
25 40
21 29
21 82
20 31
20 62
20 923
12 32
12 60
12 106
12 266
19 34
19 472
33 35
33 36
33 48
33 83
33 170
33 739
33 886
23 39
23 78
23 236
23 284
23 854
32 41
32 84
32 100
32 171
32 695
36 42
36 359
26 43
26 46
26 119
26 447
26 539
26 582
35 44
35 505
35 527
35 605
22 45
22 585
44 47
44 153
42 49
42 209
42 659
42 831
24 50
24 165
29 51
29 133
29 136
29 283
29 362
29 689
28 53
28 120
28 339
30 54
30 123
30 297
30 406
30 553
30 685
39 58
39 159
39 221
38 61
38 80
38 130
38 224
60 63
60 138
60 336
59 64
41 65
41 193
41 289
41 747
41 796
63 66
63 238
63 245
49 67
49 124
49 721
56 69
56 112
56 177
56 309
58 70
58 113
58 163
40 72
67 73
67 188
67 300
66 74
66 88
66 105
66 137
66 195
45 75
45 96
45 135
45 876
69 76
69 922
54 77
54 103
31 79
31 117
31 145
31 392
31 478
18 85
18 91
18 110
18 158
18 556
18 898
18 937
51 87
51 144
51 620
75 89
75 92
75 454
75 987
68 90
68 287
68 650
64 93
64 573
64 702
65 94
65 185
65 558
65 826
97 99
97 482
77 102
77 152
77 465
77 493
90 104
90 150
80 107
80 688
9 108
9 257
9 350
85 109
85 256
50 114
62 115
62 169
62 914
34 118
34 317
34 328
34 333
34 863
99 121
99 260
99 308
99 358
111 122
111 167
111 510
107 125
107 132
107 430
121 126
121 162
121 239
121 933
86 127
115 129
115 738
115 866
48 131
48 210
48 363
94 134
94 379
94 402
94 867
130 139
130 654
47 141
47 168
47 174
47 324
47 346
47 913
137 143
137 235
46 146
46 164
46 211
16 147
16 161
16 676
16 837
134 148
134 214
134 306
134 405
120 149
120 450
120 492
120 648
120 701
120 720
78 151
78 203
78 576
78 769
122 154
122 220
122 247
122 956
106 155
103 156
103 276
103 344
103 708
103 767
103 910
145 157
145 666
70 160
70 314
153 166
153 226
153 248
156 172
156 285
156 517
138 173
157 175
157 295
157 537
74 176
74 186
74 647
74 964
154 178
154 774
154 977
101 179
101 360
112 180
112 204
112 313
112 412
119 181
119 264
139 182
139 568
169 184
169 487
84 187
84 198
84 318
84 940
146 189
146 216
124 190
124 267
124 601
132 191
113 192
113 271
113 325
113 581
113 809
136 194
136 334
136 651
176 197
176 375
176 413
176 588
176 835
53 199
53 830
187 200
141 201
188 202
191 205
79 206
79 292
116 207
116 427
114 208
114 237
114 797
209 212
209 574
209 693
93 213
95 215
27 217
27 473
27 584
27 861
98 218
98 820
172 219
172 906
61 222
61 380
127 223
127 335
76 225
194 227
194 253
194 515
194 559
179 228
179 426
105 229
105 969
181 230
181 269
181 381
181 460
159 231
159 254
159 341
197 232
89 233
89 716
104 234
104 348
104 410
104 604
104 732
104 881
152 240
152 244
152 434
152 563
123 241
123 459
162 242
162 315
162 641
162 775
109 243
182 246
182 471
57 249
57 258
57 941
235 251
235 640
185 252
185 646
214 255
199 259
199 320
199 352
199 715
171 261
171 330
171 989
228 262
228 268
228 307
228 331
228 377
228 494
164 263
164 773
234 265
234 928
267 270
267 950
71 272
71 299
71 337
71 507
71 577
71 679
71 758
264 273
264 367
264 479
269 274
163 275
163 589
163 593
163 783
163 864
163 935
250 277
250 418
258 278
131 279
131 461
131 536
131 631
131 698
7 280
7 437
7 575
11 281
11 387
216 282
92 286
92 468
236 288
88 290
88 304
88 802
281 291
281 617
226 293
226 369
155 294
155 453
117 296
117 326
237 298
237 404
205 301
205 345
205 638
272 302
55 303
55 401
55 824
302 305
174 310
196 311
196 365
196 475
196 538
196 894
253 312
253 364
298 316
298 752
298 912
266 319
266 451
266 869
81 321
81 329
81 386
81 500
102 322
310 327
239 332
280 338
313 340
313 549
313 822
167 342
167 393
167 464
167 562
167 571
276 343
276 385
276 436
276 514
295 347
295 671
217 349
217 525
142 351
142 455
142 735
261 353
261 529
336 354
330 355
333 357
333 692
215 361
215 425
215 612
215 652
133 366
133 673
133 719
133 745
265 368
271 370
271 661
293 371
293 771
222 372
224 373
224 548
149 374
149 653
161 376
283 378
283 664
283 982
331 382
129 383
129 421
129 491
275 384
275 710
275 751
273 388
83 390
83 467
173 391
299 394
299 772
299 855
43 395
43 481
372 396
352 397
352 565
370 398
370 466
373 400
373 403
318 407
318 599
184 408
184 634
184 757
345 409
345 694
345 874
108 411
306 414
240 415
240 827
232 416
166 417
166 564
166 781
395 419
260 420
260 921
403 422
403 519
150 423
401 424
339 428
339 429
389 431
389 496
389 857
278 432
278 942
190 433
190 497
190 534
368 435
368 629
368 656
368 968
202 438
321 439
233 440
233 724
362 441
362 765
362 828
211 442
248 443
248 642
388 444
322 445
341 446
126 448
126 815
342 449
379 452
379 594
379 939
259 456
309 457
425 458
425 687
338 462
183 463
183 567
451 469
428 470
72 474
72 744
207 476
207 632
367 477
367 541
367 996
110 480
110 667
277 483
277 499
277 792
450 484
450 630
334 485
175 486
467 488
399 489
399 504
399 544
343 490
462 495
351 498
351 763
241 501
73 502
73 944
468 503
468 909
426 506
427 508
427 625
427 946
427 960
147 509
485 511
485 902
140 513
140 566
140 795
140 833
359 516
359 635
391 518
391 860
391 895
223 520
192 521
347 522
347 639
519 523
475 524
475 749
443 526
443 760
435 528
518 530
470 531
470 850
429 533
328 535
328 911
447 540
135 542
459 543
459 613
459 755
459 943
212 545
316 546
441 547
165 550
407 551
193 552
543 554
478 555
382 557
242 560
242 607
242 764
512 561
287 569
517 570
517 884
365 572
225 578
225 658
225 770
225 776
476 579
476 690
552 580
186 583
186 742
418 586
218 587
218 873
366 590
540 591
542 592
535 595
535 725
514 596
501 597
148 598
505 600
576 602
378 603
582 606
481 608
481 889
408 609
348 611
348 885
511 614
257 616
257 990
394 618
255 619
488 621
297 622
611 623
510 626
413 627
406 628
392 633
546 636
411 643
477 644
538 645
357 649
301 657
301 662
301 883
549 660
256 663
256 677
430 665
479 668
479 729
572 669
360 670
431 672
431 799
575 674
664 675
676 678
509 680
509 890
390 681
390 918
358 682
620 683
614 686
452 691
452 865
452 986
628 696
628 746
601 697
311 699
598 700
700 703
609 704
609 736
609 768
374 705
329 706
329 711
438 707
438 810
698 709
591 712
669 713
636 714
636 759
177 717
414 718
526 722
300 723
440 726
454 727
454 832
324 728
695 730
227 731
587 733
448 734
364 737
584 741
551 743
551 896
231 748
231 816
231 871
559 750
728 753
570 754
570 811
691 756
423 761
308 762
308 984
442 766
262 777
649 778
667 779
554 780
554 897
417 782
417 978
180 784
180 900
710 785
251 786
251 877
578 787
756 788
782 789
782 819
731 791
566 793
560 794
560 880
556 798
556 807
497 800
386 801
386 961
397 803
377 804
706 805
473 806
626 808
755 812
434 814
765 817
432 818
432 965
759 821
332 823
168 825
353 829
409 834
751 836
503 838
808 839
317 840
709 841
828 842
722 843
624 844
464 845
714 846
714 957
714 966
690 847
658 848
487 849
487 919
536 851
291 852
291 927
742 853
589 856
635 858
289 859
674 862
178 868
340 870
588 872
816 875
681 878
681 970
768 879
849 882
335 887
740 888
579 891
600 892
791 893
791 988
419 899
741 901
848 903
305 904
760 905
561 907
561 976
349 908
208 915
662 916
726 917
630 920
541 924
639 925
639 932
712 926
252 929
593 930
615 931
799 934
777 936
777 963
445 938
198 945
433 947
867 948
651 949
659 951
498 952
754 953
929 954
557 955
836 959
687 962
893 967
655 971
371 972
446 973
832 974
832 981
415 975
900 979
381 980
918 983
679 985
736 991
940 992
315 993
890 994
911 995
515 997
627 998
846 999
