10000 4
0 1
0 2
0 32
0 43
0 112
0 155
0 177
0 327
0 2746
2 3
2 4
2 15
2 27
2 30
2 75
2 101
2 541
2 1082
2 3359
2 3600
2 5706
2 6816
4 5
4 6
4 13
4 208
4 334
4 385
4 417
4 1175
4 4555
5 7
5 14
5 509
5 2307
5 4250
1 8
1 9
1 58
1 106
1 143
1 179
1 337
1 339
1 389
1 474
1 747
1 1877
9 10
9 98
9 132
9 138
9 309
10 11
10 18
10 34
10 234
10 1431
10 2182
10 6471
7 12
7 28
7 37
7 67
7 90
7 235
7 499
7 959
7 3196
13 16
13 47
13 192
13 380
13 449
13 672
13 3788
11 17
11 35
11 50
11 459
11 476
11 639
11 1419
11 7061
3 19
3 31
3 91
3 97
3 103
3 332
3 1119
3 1567
12 20
12 1172
12 2101
12 4725
12 6797
12 9986
18 21
18 26
18 268
18 318
18 393
18 811
18 2075
18 3639
18 4425
21 22
21 56
21 250
21 980
21 1823
21 2659
8 23
8 93
8 2539
8 4070
17 24
17 146
17 539
17 855
17 1923
14 25
14 40
14 59
14 104
14 131
14 609
14 783
20 29
20 36
20 38
20 290
20 722
20 776
20 2382
20 3306
20 4861
20 5240
31 33
31 41
31 641
31 2319
31 2392
31 3241
31 5743
31 9647
25 39
25 48
25 89
25 708
25 739
25 935
25 1948
39 42
39 54
39 87
39 162
39 343
39 386
39 403
39 1982
32 44
32 174
32 176
32 578
32 718
32 872
44 45
44 262
44 1622
44 1917
26 46
26 95
26 102
26 164
26 467
26 561
26 7952
47 49
47 88
47 441
47 1055
47 1345
47 1689
47 6430
38 51
38 100
38 189
38 259
38 954
38 1616
38 2841
38 3091
38 5858
40 52
40 66
40 119
40 142
40 284
40 9762
41 53
41 246
41 470
41 515
41 4514
41 6687
41 7029
15 55
15 68
15 71
15 316
15 379
15 2065
15 5854
19 57
19 109
19 181
19 251
19 832
19 1176
19 7230
37 60
37 63
37 248
37 773
37 1851
37 4147
37 5500
37 6086
16 61
16 74
16 608
16 1250
16 1271
16 2686
16 5278
16 5837
28 62
28 422
28 1110
35 64
35 70
35 115
35 135
35 367
35 2395
35 3460
46 65
46 127
46 241
46 468
46 881
62 69
62 83
62 141
62 182
62 232
62 285
62 4034
59 72
59 79
59 92
59 180
59 760
59 2104
59 2839
59 7160
59 9629
43 73
43 278
43 2500
43 3378
43 7046
73 76
73 376
73 1315
73 2173
73 7250
54 77
54 80
54 677
54 1323
54 8632
45 78
27 81
27 148
27 152
27 611
27 1529
27 3117
27 3149
27 3663
36 82
36 85
36 167
36 1178
36 1601
36 5082
56 84
56 576
56 1665
56 2498
56 3810
56 4573
56 4608
56 5680
72 86
72 471
72 531
72 1263
72 7275
77 94
77 169
77 314
77 3554
77 6274
92 96
92 7101
92 9211
51 99
51 240
51 852
51 1438
51 2417
51 5008
51 5583
51 5708
90 105
90 448
81 107
81 215
81 687
81 877
81 1289
81 1651
81 2597
81 3096
60 108
60 265
60 536
60 1159
60 3897
60 6183
60 6256
100 110
100 139
100 159
100 657
82 111
82 4594
82 4598
64 113
64 395
64 2783
64 2827
64 7718
80 114
80 168
80 313
80 507
80 1391
80 1481
66 116
66 120
66 198
66 1768
66 2449
66 4075
66 5373
116 117
116 370
116 1088
116 6258
115 118
115 173
115 397
115 659
69 121
69 237
69 298
69 567
69 2310
70 122
70 156
70 178
70 323
70 359
70 1525
70 9700
89 123
89 635
89 1158
89 1786
33 124
33 183
33 194
33 263
33 447
33 650
33 9030
84 125
84 161
84 873
84 909
84 2249
84 5377
78 126
78 145
78 643
78 2849
78 3589
78 4282
74 128
74 153
74 1406
75 129
75 405
75 3192
105 130
105 725
105 3100
105 3177
29 133
29 340
29 342
29 664
29 990
50 134
50 201
50 238
50 618
50 5890
112 136
112 144
112 171
112 336
123 137
123 2814
126 140
126 399
126 431
126 537
126 1628
126 2291
126 2759
126 3593
126 6176
68 147
68 478
68 1086
68 1340
68 1519
68 3567
68 6129
68 6905
65 149
65 231
65 461
86 150
86 163
86 493
86 781
86 1830
86 1874
86 2803
86 3540
86 4985
86 5725
86 8617
83 151
83 185
83 324
83 3384
83 4263
83 4325
83 7363
83 8311
55 154
55 205
55 3218
55 5310
133 157
133 196
133 227
133 680
133 2217
133 2584
133 2910
133 8174
110 158
110 213
110 1280
110 2116
110 2453
110 4875
71 160
71 243
71 688
71 2566
137 165
137 406
137 827
137 3785
119 166
119 574
119 4187
119 9101
119 9330
106 170
106 481
106 5778
106 7651
150 172
150 212
150 256
150 1929
117 175
117 612
117 1069
175 184
175 1157
175 3236
175 6483
175 6718
175 8184
67 186
67 216
67 435
67 1165
67 8259
144 187
144 1091
144 1573
144 6292
93 188
93 306
93 844
93 1714
93 2440
121 190
121 267
121 678
154 191
154 437
154 663
154 729
154 1015
154 1334
181 193
149 195
149 199
149 223
149 335
149 456
149 614
149 1152
149 2840
167 197
167 489
167 2455
167 4691
167 6309
107 200
107 396
107 6213
107 8792
128 202
128 1326
128 1785
128 3159
128 5584
128 5654
128 9002
108 203
108 210
108 1016
108 4225
108 6373
108 8695
138 204
174 206
174 3744
174 4519
23 207
23 606
23 3674
53 209
53 308
153 211
153 242
153 603
153 859
153 1033
153 1646
153 2010
153 7199
24 214
24 362
24 1194
24 1309
24 1610
24 1639
24 2918
24 4889
24 7402
203 217
203 497
203 746
203 2859
176 218
176 2230
176 6460
186 219
186 526
186 1106
96 220
96 277
96 613
96 840
96 1489
96 5803
96 7174
142 221
142 392
142 501
142 571
142 1690
142 7301
142 7476
142 8644
22 222
22 372
22 460
22 2027
22 3846
57 224
57 940
57 1331
57 3197
57 4743
57 8134
61 225
61 1236
61 2377
178 226
178 669
178 1378
221 228
221 320
221 1180
221 5158
185 229
185 744
172 230
172 328
172 1577
139 233
139 264
139 6997
208 236
208 2963
208 5844
208 8294
145 239
145 244
145 369
145 4993
145 6683
58 245
58 967
58 1222
58 1364
58 5050
58 8101
165 247
165 626
165 1992
156 249
34 252
34 530
34 675
34 1301
34 4698
103 253
103 404
103 524
103 1842
251 254
251 286
251 373
251 653
251 1678
251 3927
251 7315
251 7521
251 8334
164 255
164 851
164 4105
131 257
131 797
249 258
249 1034
249 5231
187 260
187 305
187 484
187 588
187 644
187 918
187 3113
200 261
200 293
200 1239
200 2838
200 8420
205 266
205 423
205 983
205 2046
205 2959
87 269
87 291
87 358
87 1595
87 1600
87 2187
87 5192
231 270
231 300
231 1648
231 2777
231 3574
223 271
233 272
233 767
233 809
233 1442
233 2343
233 2526
233 4418
212 273
212 280
212 391
212 690
212 6476
212 7334
212 7401
212 8085
140 274
140 361
140 365
140 425
140 1202
134 275
134 502
134 607
134 1456
134 4721
134 8275
222 276
222 8906
246 279
246 410
246 942
246 1037
246 1771
246 1916
246 2369
101 281
101 1883
101 4475
6 282
6 331
6 433
180 283
180 469
180 1293
180 5323
146 287
146 414
265 288
265 871
265 5649
141 289
141 329
141 529
141 1100
141 2930
141 5594
141 7392
141 7639
151 292
151 1042
151 1998
151 2947
63 294
63 527
63 665
63 3233
63 3286
63 6753
63 7237
207 295
207 420
228 296
228 3993
228 9019
202 297
202 7575
30 299
30 302
255 301
255 1105
255 4408
255 9168
191 303
191 540
191 586
191 1206
191 7857
230 304
230 1005
230 1142
192 307
192 374
192 505
192 2695
192 3188
192 4119
192 9418
262 310
262 947
262 1913
194 311
194 1817
194 4722
296 312
296 426
296 604
296 1950
247 315
283 317
283 330
283 2374
283 7085
219 319
219 842
219 1098
219 1575
219 1654
160 321
160 735
160 1382
160 2422
160 9082
204 322
204 326
204 699
204 7743
297 325
297 562
297 697
297 1342
297 1398
332 333
332 408
332 451
332 751
332 1108
332 2680
332 4529
332 4938
220 338
220 384
220 564
220 5383
220 6478
220 8863
171 341
171 430
171 3156
171 4097
171 8372
99 344
99 1482
99 3969
306 345
306 418
306 3694
306 4962
308 346
308 599
308 1240
308 2058
308 5279
331 347
331 387
331 670
331 1536
331 5648
111 348
111 629
111 1752
111 3018
263 349
263 1089
263 2035
263 3243
263 5246
263 5257
104 350
104 1044
104 1664
104 2062
313 351
313 2480
320 352
320 2986
320 3591
320 5312
320 7530
135 353
135 6737
318 354
318 829
318 888
136 355
136 1170
136 9668
300 356
300 591
300 1116
300 1235
179 357
179 792
179 1414
179 1582
179 2583
179 3903
179 6680
122 360
122 375
122 1155
122 6078
245 363
245 1370
245 3539
245 5964
49 364
49 521
49 759
49 9519
285 366
285 3133
285 3221
285 3229
285 5855
295 368
295 568
295 793
295 2163
295 2970
295 3812
195 371
195 487
195 985
195 1024
195 5916
349 377
349 1251
334 378
334 638
334 1372
334 1796
334 3899
239 381
239 563
239 778
239 875
239 1783
213 382
213 479
241 383
241 621
241 836
241 4175
241 5579
344 388
344 439
344 1907
344 9621
124 390
124 464
124 496
124 646
124 834
124 5772
124 8729
124 8870
314 394
314 1027
314 2458
314 5492
347 398
347 4158
347 5672
236 400
236 1169
236 2708
236 7795
189 401
189 483
189 695
189 3861
378 402
378 2376
319 407
319 991
319 2592
319 9232
234 409
234 518
234 532
234 685
234 972
234 1171
234 2135
234 3047
234 3447
234 5568
389 411
389 4055
371 412
371 598
371 8267
288 413
288 6926
294 415
294 1054
294 1058
294 6598
390 416
390 943
390 5461
390 8102
323 419
323 438
323 5299
382 421
382 7422
382 9346
420 424
420 3493
147 427
147 950
147 1494
405 428
405 1718
405 8433
405 8637
405 9396
97 429
97 779
370 432
316 434
316 554
316 953
316 1213
316 1249
253 436
253 938
253 1635
253 2397
253 2688
253 4002
343 440
343 1135
343 1539
343 3020
343 4371
289 442
289 1363
289 1477
289 1579
289 1850
289 2739
289 9965
369 443
369 2334
244 444
244 2262
244 8100
94 445
94 1032
94 4508
94 6246
170 446
170 1217
170 5109
130 450
130 656
130 2810
130 4407
130 6597
388 452
304 453
304 848
304 1813
304 1825
304 2000
304 2202
304 3970
409 454
409 543
409 961
409 7105
409 9289
109 455
109 1516
109 8195
372 457
372 566
372 2032
372 2284
372 7890
456 458
456 498
456 1330
456 9917
284 462
284 1386
410 463
410 542
410 1365
459 465
459 4757
199 466
199 5529
199 9222
243 472
243 504
243 605
243 8979
406 473
406 876
406 1204
406 2251
406 2873
406 5296
238 475
238 818
238 1201
238 2649
351 477
351 525
351 6666
351 7850
279 480
279 2305
338 482
338 594
338 1144
338 7804
338 9169
169 485
169 6686
365 486
365 949
237 488
237 2728
237 3480
237 3536
275 490
275 533
275 1361
275 2945
275 3017
275 5727
275 6137
421 491
421 2755
421 3608
282 492
282 691
282 854
282 1337
282 2254
85 494
85 2038
85 2488
85 3477
354 495
354 987
354 5892
162 500
162 580
162 5027
257 503
257 600
257 6562
257 6889
500 506
500 714
500 900
500 1557
113 508
113 557
113 5652
327 510
95 511
95 757
302 512
302 843
302 1609
302 6368
302 9783
298 513
298 577
298 1145
298 4717
298 8071
42 514
42 734
42 973
42 993
42 1220
42 3484
42 6932
480 516
480 1537
480 5134
480 5350
480 8692
259 517
259 707
259 712
259 902
259 1470
259 7805
489 519
489 702
489 789
489 1102
489 1792
489 1985
489 7255
489 8974
467 520
467 762
467 885
467 1710
467 5409
467 9412
276 522
276 681
276 1439
276 5353
357 523
357 1120
357 1744
357 2559
357 2956
357 4792
357 5744
357 6002
274 528
274 544
274 716
274 838
274 1872
102 534
102 3328
102 4652
256 535
256 728
256 858
256 976
256 2836
256 9209
383 538
383 601
383 882
383 1014
383 2906
383 4265
118 545
118 2522
258 546
258 711
258 1030
258 1454
258 2379
258 4388
258 5864
258 7908
442 547
442 587
442 602
442 1019
442 1168
442 2019
442 3022
442 9215
328 548
328 917
438 549
438 1954
438 3168
438 7036
438 8623
474 550
474 3103
474 4651
474 6149
464 551
464 874
464 1499
464 1580
464 2091
464 5407
464 8633
227 552
227 1132
227 2421
227 2586
227 3375
227 5830
471 553
471 689
471 754
471 1351
471 1483
471 1709
471 2265
471 4141
471 5327
433 555
433 620
433 772
486 556
486 2450
486 6238
486 7062
486 8305
460 558
460 630
460 6696
520 559
520 633
519 560
519 2332
211 565
211 3099
211 4500
392 569
392 1421
392 3533
392 5372
273 570
287 572
287 1003
287 1755
564 573
564 863
564 2068
564 6208
564 6658
564 9003
564 9612
426 575
426 1561
426 4290
527 579
527 4770
527 7790
527 8313
342 581
447 582
447 861
447 4276
447 4933
447 7322
447 7921
578 583
578 782
578 1892
578 4644
183 584
183 1870
183 2214
396 585
396 2287
408 589
408 1104
408 1976
329 590
329 1879
329 7733
404 592
404 2774
404 2928
404 3231
404 9935
543 593
543 1560
543 4214
543 4378
543 5599
335 595
473 596
473 2151
473 3093
422 597
422 1052
422 6287
401 610
401 2070
401 8788
193 615
193 1692
280 616
280 1221
280 2685
280 3524
415 617
415 7865
407 619
407 8675
567 622
567 1286
567 1480
567 3224
587 623
587 1811
617 624
617 795
617 1187
617 3075
617 5826
538 625
536 627
536 3067
536 6545
536 8712
395 628
395 1099
395 6743
395 7474
358 631
358 1722
358 2719
132 632
132 1283
132 3440
132 6715
490 634
490 814
490 1675
490 1968
490 4236
264 636
452 637
452 1433
450 640
450 1248
450 1663
450 2030
450 3763
450 4064
450 5153
521 642
521 1840
521 2876
307 645
307 812
307 3455
307 4336
307 7428
290 647
290 3634
290 6711
290 8626
163 648
163 946
163 998
163 2462
163 3550
163 5478
163 6879
393 649
393 738
393 3901
393 6801
393 8314
393 8732
368 651
368 1474
368 8721
424 652
424 1287
424 7251
394 654
394 667
394 1229
394 2470
394 3640
394 3961
355 655
355 3081
492 658
492 1809
492 3123
492 4918
492 8398
503 660
503 1319
503 2691
503 4027
503 6243
52 661
52 1071
52 3651
52 6657
604 662
604 1029
604 3701
604 5274
657 666
657 703
657 7100
375 668
375 1007
375 2993
79 671
79 692
79 2098
79 2507
79 3818
79 4239
79 7670
493 673
493 1802
493 2066
493 4188
493 5305
493 8097
540 674
540 1679
540 1760
540 4130
434 676
434 4115
581 679
581 952
581 1112
581 1448
581 1898
581 4310
675 682
675 784
675 819
675 3322
675 3350
515 683
515 1617
515 2791
515 3071
277 684
277 3497
277 8687
516 686
516 694
516 5126
597 693
597 883
597 6223
597 6840
364 696
364 709
364 2661
340 698
340 1208
340 1778
340 2402
630 700
630 5788
630 7305
630 8060
630 8541
603 701
603 1004
603 1199
386 704
386 706
386 788
386 7117
475 705
445 710
445 2060
642 713
642 822
642 1275
642 1599
642 1734
642 3855
625 715
625 1772
625 1800
625 4340
625 4476
586 717
586 1192
586 1261
586 3382
586 6763
586 9616
559 719
559 1865
559 4578
663 720
663 906
663 7216
663 8544
267 721
267 1130
267 1420
267 6778
254 723
254 2429
607 724
607 845
607 1026
607 2591
607 2628
607 9059
589 726
589 1498
589 4095
589 8463
589 9236
518 727
703 730
703 3214
591 731
591 4026
529 732
529 994
529 3273
529 7817
529 8771
595 733
595 1558
595 4386
697 736
697 937
584 737
584 803
584 1829
652 740
652 742
667 741
667 753
601 743
601 3253
601 4976
601 7019
601 8466
114 745
114 884
114 3686
114 8230
664 748
664 911
664 2003
268 749
268 1533
268 1729
268 4301
268 4807
268 7605
741 750
741 768
741 2629
741 2893
413 752
413 9320
278 755
399 756
399 1031
305 758
305 3205
305 3791
525 761
525 7794
507 763
507 1574
507 2364
507 3147
507 8290
485 764
485 2036
485 3781
593 765
432 766
550 769
678 770
678 771
522 774
522 850
522 2646
684 775
684 887
684 6871
531 777
531 1423
531 2297
531 5472
531 5736
674 780
674 1243
674 3366
674 6016
437 785
437 1380
437 3401
437 3677
530 786
530 2276
530 3202
530 3615
530 5503
545 787
545 988
498 790
498 2773
498 5161
198 791
198 800
198 2358
198 2980
198 3252
198 9174
612 794
612 1990
612 3494
612 6276
761 796
761 1359
761 7926
761 9075
701 798
701 1506
701 2860
701 4811
701 6518
377 799
626 801
626 4390
429 802
429 1373
429 6764
429 7274
299 804
299 856
299 1092
299 1765
299 4099
299 5713
261 805
261 3479
261 5073
261 6653
261 7511
633 806
633 828
633 1555
633 8543
403 807
403 1787
403 3073
403 3105
403 7563
270 808
270 1413
270 1416
270 1660
161 810
575 813
575 1721
575 3198
702 815
702 1234
702 1566
702 4607
497 816
497 1638
497 2054
209 817
209 1759
209 2911
704 820
704 2386
806 821
806 3710
799 823
598 824
598 862
682 825
682 837
682 3102
682 3143
682 4153
812 826
812 1150
812 1724
812 1736
812 2082
812 2430
812 4270
812 6601
574 830
574 1311
574 4145
574 8211
574 9407
774 831
367 833
367 931
715 835
715 5416
715 5643
715 8137
715 8368
512 839
512 864
512 1590
463 841
463 1684
463 4077
463 5267
668 846
668 1068
668 2977
671 847
671 2180
671 2186
671 6593
671 8627
419 849
419 1598
419 1754
628 853
628 4038
628 6533
569 857
782 860
782 891
782 903
782 2071
782 7938
514 865
719 866
356 867
356 3234
356 7152
356 8329
506 868
506 934
641 869
641 1523
641 6032
802 870
802 905
802 1847
802 4761
797 878
797 8209
778 879
778 6121
778 6789
676 880
676 3129
225 886
225 6846
225 8039
735 889
735 1415
735 3041
735 3873
443 890
443 894
443 2274
443 3523
860 892
860 3516
860 6406
860 9656
752 893
752 3237
752 5832
286 895
286 6654
286 9347
850 896
850 1036
850 1244
779 897
779 1745
779 3285
895 898
895 933
895 1017
895 6553
895 8850
646 899
646 4856
646 5368
646 9178
502 901
502 2576
502 2929
870 904
870 6793
714 907
714 2241
714 3987
714 6525
269 908
269 1051
269 1075
269 1154
197 910
197 1191
570 912
570 1462
570 1623
570 1791
570 9009
865 913
865 1517
865 2129
865 4192
148 914
148 1193
148 2088
148 2730
345 915
345 1938
345 2012
345 4921
345 5996
345 8764
748 916
748 3568
748 5683
326 919
326 1228
326 2872
326 4137
760 920
760 1912
760 2789
760 4641
551 921
551 1166
551 1541
551 5519
478 922
478 1404
478 1589
478 2211
478 6019
918 923
918 1597
918 2750
918 4442
918 9602
362 924
362 3842
362 6856
381 925
381 5256
350 926
350 4791
310 927
310 1618
763 928
763 1195
763 8888
763 9221
532 929
76 930
76 1472
337 932
337 5193
862 936
862 4332
792 939
792 1048
792 1242
792 1645
792 4616
792 6444
659 941
659 1186
659 1313
659 1504
659 1804
659 2222
659 2292
659 4170
857 944
857 1109
857 4483
857 4705
857 5602
795 945
795 1298
795 2465
125 948
125 2979
914 951
914 4274
914 4964
914 4969
190 955
190 1346
190 5365
504 956
504 1390
504 2219
504 5413
504 9797
425 957
425 1035
425 1282
425 3932
425 7692
820 958
820 2926
820 6356
771 960
771 2309
771 3336
771 7484
441 962
441 1107
441 1238
441 1312
441 1548
707 963
707 1125
707 1385
707 1528
707 1647
707 4509
814 964
814 2472
168 965
649 966
649 1984
649 3532
649 3731
649 4185
649 6022
649 6347
691 968
691 2328
691 3826
691 4394
691 9992
610 969
610 1343
610 2015
610 2721
610 2756
610 9062
517 970
517 1686
517 2090
517 5686
528 971
528 1833
528 5078
315 974
315 3737
928 975
928 1040
928 6770
928 9445
159 977
562 978
562 1043
562 1296
562 1827
562 2740
562 3771
562 6302
562 8728
720 979
720 1227
720 6248
915 981
915 1680
915 4781
915 9659
384 982
384 2535
384 4678
694 984
694 1041
694 4694
252 986
252 6944
624 989
949 992
949 2105
949 8947
759 995
759 2427
759 2445
759 2710
956 996
956 2125
786 997
786 2252
786 3261
786 4114
786 5290
472 999
472 4876
472 5300
472 9679
757 1000
793 1001
793 1304
793 1349
793 1864
793 2340
793 5140
805 1002
805 2758
805 2913
805 9726
606 1006
606 7067
960 1008
960 1065
960 3155
960 3190
960 4201
785 1009
785 2704
785 3933
177 1010
177 1693
469 1011
469 1308
825 1012
825 1212
825 3576
825 4619
920 1013
920 5227
920 8842
201 1018
201 1023
201 1153
201 2233
201 3013
737 1020
317 1021
954 1022
954 5604
954 9053
787 1025
787 7158
616 1028
616 2978
616 8471
993 1038
993 1226
993 1435
993 2565
993 4160
889 1039
889 1955
889 7180
554 1045
554 1446
229 1046
229 1668
229 7949
229 9699
673 1047
673 1773
673 1852
673 7562
700 1049
700 3044
917 1050
917 2423
917 5645
917 6671
917 7960
623 1053
623 5016
736 1056
736 2577
974 1057
974 1266
974 2103
974 2681
385 1059
385 1606
385 1797
385 7447
385 7732
385 9956
152 1060
152 3915
152 4313
660 1061
660 3390
660 8488
877 1062
919 1063
919 6497
1063 1064
873 1066
873 1198
873 2524
873 3145
873 4023
873 9056
1000 1067
1000 6420
1000 6480
705 1070
923 1072
923 2124
923 3577
436 1073
436 4091
436 5979
1050 1074
1050 2278
839 1076
839 9088
922 1077
922 1133
922 1749
922 3407
689 1078
689 1936
689 2280
689 5141
689 8312
958 1079
958 1876
958 2736
958 4338
958 4436
958 6119
206 1080
206 1307
206 1493
882 1081
882 3191
882 6050
224 1083
224 5639
224 6936
224 8012
224 8830
755 1084
266 1085
266 2081
266 2141
266 3665
1081 1087
1045 1090
1045 1698
1045 3876
1049 1093
1049 1288
1049 2558
1049 5127
1049 7323
800 1094
800 6319
800 6776
791 1095
791 3089
859 1096
859 1720
859 1812
859 4890
859 8561
775 1097
775 1255
775 2147
775 2325
994 1101
994 2313
994 5029
994 6588
454 1103
454 4377
303 1111
303 2366
303 2821
723 1113
723 1719
651 1114
651 1348
651 1485
1042 1115
1042 1986
1042 5479
311 1117
411 1118
411 1657
716 1121
716 4887
794 1122
884 1123
884 3700
884 4258
884 4731
884 9526
840 1124
840 2546
1008 1126
1008 1682
600 1127
600 2761
615 1128
615 1886
1075 1129
1075 1591
1075 4460
352 1131
352 8569
363 1134
363 1960
363 2192
363 2521
363 5794
363 5930
363 7721
439 1136
823 1137
823 1805
823 4473
423 1138
423 3230
423 3483
423 4740
423 8064
1056 1139
1056 1837
1056 2415
1056 3001
608 1140
608 1285
608 1526
608 1743
608 2290
579 1141
579 1327
1052 1143
1052 1594
1052 1780
1052 2004
1052 5624
1052 6852
1052 8907
1052 9733
336 1146
336 3751
1133 1147
1133 4422
1133 5277
1133 6134
758 1148
758 1418
758 2007
758 5358
758 7505
568 1149
568 9102
524 1151
524 2371
524 7502
1001 1156
1001 1945
462 1160
462 3011
909 1161
909 4449
986 1162
986 5324
832 1163
832 1350
832 1447
832 2850
832 3158
832 3305
832 4723
832 9758
978 1164
978 2880
455 1167
455 1942
455 5475
822 1173
822 1375
822 2008
822 2650
822 3661
324 1174
324 6412
1114 1177
1114 9527
215 1179
215 8578
769 1181
769 1696
1109 1182
1109 4067
788 1183
788 1216
788 2742
561 1184
561 1515
561 6613
765 1185
765 1417
765 2368
1097 1188
88 1189
88 1828
88 1893
88 3555
88 4024
88 4133
88 8761
699 1190
699 2679
699 7922
1095 1196
1095 1429
1095 2950
1095 3095
1095 3386
1095 3986
1095 4376
932 1197
932 1702
491 1200
491 1957
491 2160
491 3468
491 4474
754 1203
754 1674
754 5320
883 1205
883 8674
665 1207
665 2042
665 6558
482 1209
482 4907
594 1210
826 1211
826 1223
826 2131
826 2509
1193 1214
1193 3764
495 1215
894 1218
894 3672
712 1219
712 2308
712 3822
1027 1224
1027 1699
912 1225
912 1278
1194 1230
1194 2461
1194 7156
1194 8867
662 1231
662 3439
451 1232
451 3849
451 3907
451 4957
656 1233
526 1237
526 1465
526 1895
526 2481
526 3023
526 3146
526 6897
526 9305
1029 1241
1029 1260
999 1245
999 5752
999 9267
999 9386
1058 1246
1058 1353
1058 1368
1058 1741
1058 3797
1116 1247
1116 2362
1116 3756
488 1252
488 1612
488 1712
488 3469
488 6174
611 1253
611 2724
611 6326
611 7881
1059 1254
687 1256
687 2983
687 9702
955 1257
955 2482
955 3565
417 1258
417 2203
417 4625
417 4760
417 5808
842 1259
842 2829
1247 1262
1247 1279
1247 2132
129 1264
867 1265
867 1562
867 1605
867 2025
867 2882
867 4627
867 4810
867 6324
867 7270
644 1267
644 4349
1099 1268
1099 5768
890 1269
964 1270
964 1808
555 1272
555 3575
1132 1273
1132 1608
1132 6160
1132 8225
721 1274
721 2624
721 3019
721 5107
721 8469
768 1276
768 1352
768 3727
768 4796
934 1277
934 2320
934 2432
709 1281
709 7173
1022 1284
1022 6196
1022 8315
1169 1290
1169 4577
743 1291
743 2709
743 3238
743 5528
743 7242
1125 1292
1105 1294
1105 1392
924 1295
924 1333
924 2896
924 3597
330 1297
330 2665
330 2798
330 4074
681 1299
727 1300
727 1604
727 3372
727 4716
727 5309
1182 1302
1182 1544
1182 3801
1182 7138
1135 1303
1135 2031
1135 3928
1145 1305
1145 4440
872 1306
872 1403
872 1731
872 2530
1300 1310
1300 5770
1309 1314
1309 1445
1309 3720
636 1316
636 2295
636 2677
636 3323
1167 1317
1167 1571
1167 2635
1167 5429
613 1318
613 1629
613 1779
1239 1320
1239 3333
1239 6199
1219 1321
1219 3647
1219 6742
1219 9131
325 1322
325 1437
325 2174
325 2373
325 2634
325 3278
325 5371
325 6492
935 1324
935 3492
1070 1325
1070 1396
1070 2689
1229 1328
1229 4051
1315 1329
1315 1981
1288 1332
1288 2696
1288 5827
321 1335
321 4392
1185 1336
1275 1338
1275 2177
1202 1339
1202 3610
658 1341
658 1501
658 1909
658 1979
1002 1344
1002 1463
1002 2161
1002 2700
1002 4269
1002 4745
359 1347
359 2914
829 1354
829 2137
829 3984
829 9433
766 1355
766 1393
766 2715
766 2865
766 9122
596 1356
596 3171
596 3682
596 6205
312 1357
312 1834
312 5124
972 1358
972 3342
972 4472
972 4940
972 5066
496 1360
496 3433
496 5205
496 5873
1032 1362
1032 1793
1032 2051
1032 9753
1171 1366
1171 4123
1211 1367
1211 1672
341 1369
341 1633
341 4466
1143 1371
1143 2208
1143 5337
1176 1374
1176 4848
1084 1376
1084 4915
1328 1377
1328 2404
938 1379
938 1459
938 5088
1280 1381
1280 2572
1280 2912
1280 3208
1280 4612
1280 4961
685 1383
685 1388
685 1409
685 4858
1366 1384
1366 1538
1366 3704
1366 5069
1366 6348
740 1387
740 2040
740 4452
740 6240
1251 1389
1251 5405
1092 1394
1092 2474
1092 9754
1107 1395
1107 3299
1107 5369
987 1397
987 3881
987 7413
1310 1399
1310 1543
1310 1634
1310 1882
182 1400
182 3765
635 1401
635 1637
635 1905
635 5074
618 1402
618 2568
618 5661
638 1405
638 2637
638 2655
638 4462
638 7567
680 1407
680 2314
680 3166
989 1408
1101 1410
1101 6569
1101 8968
1376 1411
465 1412
465 3444
465 8016
465 8132
465 9563
1349 1422
1349 2406
1341 1424
1341 3264
510 1425
510 1621
510 1726
1326 1426
1326 1626
1326 1769
1326 1915
1326 1965
1326 4179
1326 7385
1065 1427
1065 1620
1115 1428
1066 1430
1066 1576
1312 1432
1312 4293
970 1434
970 1928
449 1436
449 2864
449 3298
449 6673
844 1440
844 2044
844 2514
844 9037
1186 1441
1186 3216
1186 5284
1086 1443
1086 2162
1025 1444
1025 2881
1025 5150
271 1449
731 1450
731 2567
731 3487
1450 1451
1168 1452
1168 2528
1168 3721
945 1453
945 2016
945 3152
466 1455
466 8611
1004 1457
1004 6418
1393 1458
1393 4212
1285 1460
1285 1681
1285 1764
1285 2968
1285 3890
854 1461
854 6402
1079 1464
1189 1466
1189 6880
1189 8889
173 1467
173 2167
173 2206
173 4784
173 4833
1260 1468
1260 2052
929 1469
929 3495
929 4894
929 7964
1371 1471
1371 2998
1371 5898
1371 7223
1242 1473
1242 1666
1242 3649
789 1475
789 6181
672 1476
672 1848
672 4997
98 1478
98 6904
98 9557
1421 1479
896 1484
896 7081
1407 1486
1407 1757
1407 2411
833 1487
833 1881
677 1488
677 3304
677 3354
1103 1490
1103 5726
1136 1491
1136 3594
1136 7713
1037 1492
1037 3289
1250 1495
1087 1496
1087 6226
783 1497
783 2026
742 1500
742 5022
742 6431
742 7672
1327 1502
1327 1534
523 1503
523 5784
523 6374
523 6958
523 7439
523 7979
1138 1505
1138 1676
1333 1507
1333 2165
1333 9290
817 1508
817 3865
817 4493
1062 1509
1062 1815
1062 4409
1062 5554
1062 6394
1062 6603
1452 1510
1452 3362
1452 6424
217 1511
217 4989
669 1512
669 8700
1396 1513
1396 1863
650 1514
650 2148
650 2384
650 2438
1416 1518
1416 2092
1416 3596
1416 4142
1325 1520
1325 1607
717 1521
1318 1522
1318 3453
1124 1524
1405 1527
1405 3111
1405 3340
1405 4367
1405 5812
1405 8258
1405 8851
602 1530
602 1739
602 7972
647 1531
1291 1532
1291 7816
476 1535
476 2716
476 4960
1539 1540
1539 1750
811 1542
811 3128
811 4703
811 5273
811 5396
811 6376
966 1545
966 1958
966 7714
837 1546
837 4863
837 5262
780 1547
780 1794
780 1977
780 7888
127 1549
127 1677
374 1550
374 4068
609 1551
1338 1552
1338 7741
943 1553
943 2734
943 4533
943 5176
943 5285
943 7802
1415 1554
1237 1556
1237 4751
1237 4824
1237 6039
654 1559
654 1570
654 1688
654 2130
654 2772
654 4013
654 4319
402 1563
402 1803
402 2183
402 5881
402 7365
402 7538
402 8450
402 9415
402 9521
1530 1564
1530 5484
1306 1565
1306 2029
1306 3079
1306 3431
1306 9748
1520 1568
1303 1569
1303 2722
1303 4331
1026 1572
418 1578
418 2102
418 3412
1111 1581
1111 2616
605 1583
605 3475
605 3716
605 5342
605 8824
903 1584
903 4420
803 1585
803 1896
803 2403
803 2441
803 8505
535 1586
728 1587
728 6179
1187 1588
1187 1763
1126 1592
1126 1737
1126 4821
1410 1593
1410 1704
796 1596
796 1717
796 2281
796 3427
796 3478
796 5689
796 9179
639 1602
639 1767
1513 1603
1513 1962
1513 3697
1513 7784
1513 7914
1513 8898
1513 9392
1177 1611
1177 4884
1243 1613
1243 2191
1243 3272
1502 1614
1502 1659
1502 4164
891 1615
1060 1619
1060 2100
1060 5112
1060 5779
1382 1624
1382 2250
1382 5942
1382 7669
1173 1625
1173 2261
1173 2499
1173 4334
1235 1627
1235 5188
1235 7261
1235 8077
819 1630
819 3259
1225 1631
1225 2175
1225 3998
1225 6991
1581 1632
1010 1636
1010 1966
1010 3187
1010 4737
1505 1640
1505 1873
1505 2275
1505 5452
998 1641
1197 1642
1197 2748
1003 1643
1003 2236
1003 3854
1210 1644
1210 3500
1210 5389
48 1649
48 2622
885 1650
885 3307
1112 1652
1112 1926
1112 2396
1112 7482
1313 1653
1313 1713
360 1655
360 1806
360 7819
1453 1656
1453 4872
1453 8373
1192 1658
1192 6195
1613 1661
1613 4623
1290 1662
1482 1667
293 1669
293 1789
293 2937
293 4606
293 6679
1172 1670
1172 1995
1172 7073
1329 1671
1329 4316
1329 5891
851 1673
851 3167
851 6738
1041 1683
1304 1685
1465 1687
1543 1691
1543 6057
1665 1694
1665 1868
1665 2388
1265 1695
1265 7248
1265 8921
1157 1697
848 1700
848 2505
1678 1701
1678 3343
1678 3642
481 1703
1324 1705
468 1706
468 1869
468 2800
560 1707
1514 1708
1514 1921
1514 4817
614 1711
539 1715
539 2437
539 4496
539 5805
632 1716
632 4017
1579 1723
1579 2600
572 1725
1319 1727
1319 2302
1319 3889
1319 6736
1388 1728
1388 2642
1388 2693
1388 4283
1388 6596
1509 1730
1509 5669
1509 9133
1591 1732
813 1733
813 3675
813 8319
969 1735
947 1738
1165 1740
968 1742
968 2861
1474 1746
1474 2738
1028 1747
1028 3200
1028 4384
1028 4832
1028 7189
1028 7630
1350 1748
1749 1751
544 1753
544 1967
544 3572
1271 1756
1271 3909
1083 1758
91 1761
91 3054
1563 1762
1563 3108
1563 5121
1404 1766
1384 1770
1384 4764
1680 1774
1680 2303
1680 5875
1489 1775
1489 9233
1432 1776
1432 1894
1432 4032
1180 1777
1141 1781
1141 6315
1141 8648
1088 1782
1088 3383
1088 4936
157 1784
157 2932
1015 1788
1015 2077
1587 1790
1587 1836
1587 2857
1587 3778
1587 5818
1587 8865
1720 1795
1720 3784
679 1798
679 2868
679 7833
1364 1799
1364 2199
1203 1801
1203 1839
1761 1807
1761 2924
1761 3332
1761 4892
1761 5252
1761 6907
941 1810
941 8672
1372 1814
1372 1940
1372 4364
548 1816
548 2248
548 5117
548 9631
790 1818
1021 1819
1021 4050
1021 4839
1021 5165
1021 7010
1021 7396
1035 1820
1615 1821
1615 2602
1615 3169
1615 4435
1615 6247
1615 8593
1663 1822
1663 3868
1663 4754
1663 7875
1497 1824
1497 1932
1073 1826
1531 1831
1433 1832
1433 4468
549 1835
549 4748
549 5910
549 9365
1823 1838
1823 2322
1823 3644
1823 5045
1823 5491
1823 6364
1823 6913
1823 7020
1559 1841
1331 1843
1331 2149
1331 4305
1331 5075
1331 7966
1671 1844
1671 2112
1671 5709
1671 7098
1671 9666
1541 1845
1541 2243
1541 2618
1809 1846
1809 6312
1449 1849
1449 4849
1449 6191
1308 1853
1308 7691
1308 8144
1077 1854
1077 2757
1077 4232
831 1855
831 6888
831 7748
1484 1856
1484 3364
1787 1857
1787 3068
1572 1858
1572 2106
1572 3926
1034 1859
1034 2988
1689 1860
1689 2339
1689 2995
1094 1861
1835 1862
1835 3463
1835 8774
1616 1866
1616 3189
346 1867
346 5263
291 1871
291 3851
291 5072
1363 1875
1363 3209
1461 1878
1461 2569
1461 2588
1427 1880
1427 2117
1427 2269
1625 1884
1625 2143
1625 4559
1677 1885
1677 1935
1677 3239
1677 3344
1677 7953
1786 1887
1786 7885
1146 1888
1639 1889
1766 1890
1766 3391
1766 4043
1766 6054
1637 1891
1257 1897
1542 1899
1542 7269
1542 9706
1698 1900
1698 9618
1869 1901
1869 7338
1515 1902
1515 3895
1201 1903
1201 2350
1201 2780
1201 5499
1374 1904
1374 7232
1839 1906
1701 1908
1701 1918
1701 3627
706 1910
706 5463
1828 1911
1828 2017
1828 4040
1828 4189
1886 1914
1886 5957
1886 6030
487 1919
1600 1920
1600 6790
1409 1922
1409 2378
1409 3542
1409 3848
1409 6079
216 1924
216 3402
216 5866
1744 1925
1744 2296
1744 4139
1744 4599
1744 6358
967 1927
967 8989
1316 1930
1316 3345
1316 5958
1480 1931
1480 4128
1355 1933
836 1934
836 2483
836 7182
1441 1937
1441 3405
1441 9172
1295 1939
1295 4197
1295 8084
1660 1941
1660 2185
1660 3527
1660 6106
1212 1943
995 1944
995 6166
995 9885
991 1946
991 2426
991 5011
991 7130
991 9651
1214 1947
1214 2144
1455 1949
1455 2645
1455 3709
1503 1951
1503 2166
1503 4012
1503 4260
1503 5530
1503 6723
1158 1952
1158 4507
1158 5927
1641 1953
1641 3327
1641 8283
1488 1956
944 1959
944 2570
944 8873
1857 1961
1759 1963
1759 2299
1759 3937
1759 5360
1161 1964
1161 5418
1161 7121
1161 8856
1161 9799
1417 1969
910 1970
910 4726
1562 1971
1562 2169
1426 1972
1426 2607
1426 3290
1426 5707
1164 1973
1164 2875
1164 4690
1118 1974
1118 2793
1118 4131
1118 4196
1653 1975
1653 6317
1864 1978
1864 4542
1337 1980
1337 2664
1337 2682
1337 3869
1617 1983
1617 4286
911 1987
911 3125
911 4450
1438 1988
1438 7825
1009 1989
1009 2122
1632 1991
1632 5316
1632 7008
931 1993
1694 1994
1694 2855
1694 4882
1879 1996
1879 4521
1879 4998
1879 5081
1657 1997
1657 5944
661 1999
1902 2001
1902 2059
1902 6360
979 2002
979 2916
979 5657
1830 2005
1830 4361
1982 2006
1982 2895
1982 5789
1982 7550
1832 2009
1832 7054
693 2011
693 8316
1544 2013
1544 2385
1544 2390
1544 6940
1544 8573
1557 2014
1557 5336
1911 2018
1911 2766
1911 2813
1911 2909
1911 3544
1911 5415
744 2020
744 8340
1905 2021
1905 9285
1885 2022
1885 3607
1885 4914
1885 9246
1048 2023
2021 2024
2021 7657
690 2028
690 8017
1577 2033
1577 2733
1577 3112
1577 6318
1577 7395
907 2034
907 3263
907 7462
1944 2037
1944 4486
1944 7347
1160 2039
1160 3767
1160 4601
1354 2041
1354 2043
1354 2585
1354 9987
1277 2045
1277 9664
1412 2047
1412 2073
1412 4184
1412 6338
1599 2048
1599 3014
1599 4278
686 2049
686 2357
686 2853
902 2050
902 4554
902 5917
902 6604
902 6663
902 7660
1737 2053
1737 3936
1737 6900
1737 7208
1737 8975
1647 2055
1647 3456
1647 8899
1512 2056
1565 2057
120 2061
925 2063
925 3000
925 3982
1174 2064
1174 8520
1174 9471
1791 2067
1791 4280
1791 5575
815 2069
815 5449
897 2072
897 7038
897 7970
1231 2074
1231 2922
1231 3015
1231 6114
749 2076
547 2078
547 2375
547 5196
547 8238
1347 2079
1706 2080
1706 3335
1706 3552
1706 8515
1939 2083
1939 2410
542 2084
1162 2085
1590 2086
1590 3886
933 2087
933 3443
1831 2089
1831 2543
1777 2093
1777 4072
1777 5937
1777 8618
1777 9206
861 2094
861 4454
861 9076
2061 2095
2061 3210
556 2096
556 3838
708 2097
708 2633
1593 2099
1975 2107
1975 5555
1975 5814
1848 2108
1848 3914
1551 2109
1551 4284
1551 4586
1921 2110
1921 5869
576 2111
576 3078
692 2113
866 2114
866 8564
1222 2115
1880 2118
1880 8242
1880 8518
1216 2119
1216 7455
1443 2120
1443 3373
1443 3908
1610 2121
1610 7394
1913 2123
1913 5401
1913 5471
1913 8156
477 2126
477 4799
477 7441
477 7787
901 2127
901 6285
2095 2128
2095 6396
2095 6631
1207 2133
1207 2630
1207 6785
1586 2134
1586 3773
1586 8557
1586 8766
732 2136
688 2138
688 4841
688 5106
688 5159
688 6446
1917 2139
1917 2140
1917 2939
1917 3257
1780 2142
1445 2145
1411 2146
1411 2231
1411 4285
1411 6382
1053 2150
1166 2152
1166 2590
1166 3005
1166 4558
1166 4603
1166 5574
1166 8533
309 2153
309 3400
309 4561
309 6135
1051 2154
1730 2155
2050 2156
2050 5220
1638 2157
1977 2158
1977 6582
1151 2159
1151 2383
1151 2538
2000 2164
2000 2452
2000 3470
2000 4794
2000 9813
1580 2168
1580 7725
843 2170
843 2428
843 2625
843 3182
843 4011
843 5806
2096 2171
2163 2172
2163 2698
2163 4430
2163 5044
2163 8491
1965 2176
1965 7988
1965 9032
2155 2178
2155 4272
1491 2179
1523 2181
1523 5179
2146 2184
2146 3215
2146 6169
1358 2188
2161 2189
2161 4758
2161 5055
2161 5948
804 2190
804 3424
804 5114
804 8361
804 9689
834 2193
834 3860
834 4978
834 5947
2045 2194
2045 2414
2045 3038
1444 2195
1444 6349
2004 2196
1268 2197
1268 2354
1684 2198
1684 6296
1684 7360
1684 8666
1712 2200
1144 2201
1144 6025
1144 8380
2108 2204
2108 2949
2200 2205
2200 3057
2039 2207
2039 2589
764 2209
764 4022
764 5840
764 8360
876 2210
1200 2212
1200 2337
1200 3193
1200 4451
1746 2213
1456 2215
1456 3726
1456 4952
1456 5862
2166 2216
2166 3048
2166 4372
2166 9488
1517 2218
1517 7895
807 2220
807 2799
807 4346
807 6310
856 2221
856 2355
2174 2223
2174 4574
565 2224
1774 2225
1263 2226
1353 2227
781 2228
1688 2229
1688 2247
1688 3684
1688 4540
1198 2232
2130 2234
2130 2413
1256 2235
1256 5421
959 2237
959 2457
959 3502
959 7278
1582 2238
2206 2239
2206 3622
1751 2240
1751 3931
1751 5059
427 2242
427 5080
427 7039
1558 2244
1558 3042
2137 2245
2137 6910
1336 2246
1336 6175
2203 2253
2203 7995
2114 2255
2114 4575
2114 4683
2114 6767
2089 2256
2089 2752
2089 6277
2089 7434
1673 2257
1673 8622
557 2258
557 3428
1074 2259
1672 2260
1085 2263
1085 3114
2240 2264
2240 3280
2240 4805
2127 2266
2018 2267
599 2268
599 2874
599 6540
1016 2270
1016 2797
1016 8604
887 2271
887 2771
887 2938
887 8009
1716 2272
1918 2273
1918 4140
1918 6449
1351 2277
1351 9775
1621 2279
1621 3008
1621 4083
1621 5212
666 2282
666 4568
666 9841
1571 2283
1571 4499
1406 2285
1813 2286
1813 3510
1477 2288
1477 3476
1477 4343
1495 2289
1495 4220
1495 4592
1495 8581
2217 2293
2217 2692
2217 7696
1812 2294
1259 2298
1259 7688
2267 2300
2267 4288
2267 4939
2162 2301
1736 2304
1736 2315
1736 4063
1736 4752
1736 6047
1650 2306
2248 2311
2248 2490
1991 2312
1900 2316
1061 2317
2062 2318
1458 2321
1139 2323
1139 2707
1139 3641
1139 6222
818 2324
818 5753
1755 2326
1755 3526
1755 4370
2116 2327
2116 2447
2116 7515
2179 2329
2179 5625
1469 2330
1469 6464
1949 2331
1949 3451
1345 2333
1771 2335
1771 4877
1418 2336
1418 3996
1536 2338
1536 6791
1536 8528
2279 2341
2279 4515
1878 2342
1878 5541
1878 9151
2149 2344
2149 2398
2149 6350
2149 8291
2037 2345
2037 3184
2037 4195
2037 8645
916 2346
916 2391
916 2844
916 3353
869 2347
869 3213
869 3538
869 4058
869 7139
869 8344
869 9537
1039 2348
1039 5493
1039 9970
973 2349
973 3062
2264 2351
2264 2794
2264 2943
2264 6331
1670 2352
1670 3458
1670 4966
1670 7169
1395 2353
772 2356
772 2846
772 3092
1655 2359
1655 4774
1655 5502
1655 9333
1803 2360
1803 2888
1803 2941
1803 4299
1266 2361
1266 6143
1266 7194
1276 2363
1927 2365
1927 5670
2226 2367
2226 6177
2226 8042
1970 2370
1221 2372
2072 2380
2072 6011
2072 6591
1695 2381
1695 2767
1695 3775
1695 4463
1695 8684
670 2387
670 3991
670 4143
1959 2389
1959 6981
1330 2393
1330 4419
1330 8928
1702 2394
1702 3255
1702 3558
1702 3760
1702 4701
1702 6516
1702 7604
1199 2399
1199 2579
1199 3740
2274 2400
2274 4982
2274 6503
2210 2401
816 2405
816 2966
816 3032
816 7899
950 2407
950 9589
2354 2408
962 2409
962 2825
962 8436
962 8706
2084 2412
2084 2446
2084 4771
2041 2416
1633 2418
1633 2581
1633 3181
1113 2419
1113 8138
1510 2420
2368 2424
2368 4902
2368 6662
2368 9094
1262 2425
1262 4165
1262 4368
1262 5961
1262 8113
1659 2431
1659 7383
2359 2433
2338 2434
2338 4112
2381 2435
2381 9872
2022 2436
2022 5147
634 2439
634 5077
2425 2442
2425 4537
2425 7513
2285 2443
2285 2795
2285 4615
440 2444
440 4527
440 9317
2222 2448
2222 4800
2222 5445
1789 2451
1789 4100
1789 6636
1789 7159
1818 2454
366 2456
366 2573
366 4620
366 7389
2419 2459
2419 9013
2419 9165
773 2460
1717 2463
1717 6750
1693 2464
1693 4107
1693 4166
1693 4763
1954 2466
1954 2608
1954 5872
1648 2467
1648 2534
1648 2536
1648 5936
1511 2468
1511 2643
2342 2469
2342 5796
1762 2471
1762 3994
1762 7391
2194 2473
2300 2475
2300 3586
2300 4667
2300 8724
1119 2476
1119 2672
1540 2477
1540 2690
1368 2478
1368 3036
1368 6892
2292 2479
2292 2653
2292 5397
2448 2484
2448 9276
1466 2485
1466 4621
1466 6581
1466 7155
1425 2486
1425 2877
1425 3135
1969 2487
1969 3948
1969 4235
2439 2489
1024 2491
1024 2552
1024 3397
1024 7501
339 2492
339 7638
339 9404
188 2493
188 2812
188 3441
188 4905
188 5070
188 6820
188 9393
1642 2494
1044 2495
1044 4073
1044 5096
2413 2496
2413 2674
2242 2497
2242 2917
2134 2501
696 2502
2189 2503
2176 2504
2176 4992
2176 5731
2176 5846
2176 7480
2176 9791
2503 2506
2503 3203
2503 8475
1924 2508
1924 4071
1401 2510
1401 2904
1401 7883
1476 2511
2465 2512
2465 2516
2465 2729
2465 3584
2465 4178
2465 6645
2094 2513
2304 2515
2304 5293
2304 7079
1317 2517
2302 2518
2302 2547
2243 2519
2243 7279
1881 2520
1881 4253
1881 6100
1881 7603
428 2523
1605 2525
2486 2527
2486 2806
2486 9795
2511 2529
2511 2807
2511 3172
2511 5060
2087 2531
2087 3959
2087 5887
1184 2532
513 2533
513 6092
513 7806
508 2537
508 3416
1274 2540
1274 4780
1274 6698
1274 8897
2397 2541
1925 2542
1925 3866
1925 4850
2387 2544
2387 8303
899 2545
899 4257
1724 2548
1724 3106
1724 5508
1765 2549
1765 3853
2501 2550
2501 7700
2501 8490
875 2551
875 3472
2100 2553
2100 9153
2256 2554
2256 3925
2256 5611
2044 2555
2454 2556
2454 3308
2454 3376
1651 2557
1651 4785
1651 9313
240 2560
511 2561
511 6924
1794 2562
1794 5143
1794 5576
930 2563
930 5332
930 6328
1619 2564
2324 2571
2324 4323
1602 2574
1602 3053
2225 2575
1423 2578
1423 4271
1423 4999
1423 8093
2198 2580
2198 6342
2404 2582
2404 3009
2404 5467
2119 2587
1841 2593
1841 6524
1841 9093
1356 2594
2309 2595
2309 3104
2309 6822
2301 2596
2301 2805
2301 3653
1974 2598
1974 3618
1974 5178
2399 2599
2399 2870
2399 4355
2399 7306
2399 9431
1548 2601
1548 9827
1278 2603
1278 3421
1278 3966
1278 6725
1289 2604
1289 3292
1289 8939
412 2605
412 3746
948 2606
948 3256
948 3482
948 4326
948 4446
948 9194
1272 2609
2249 2610
2249 3318
2249 3828
985 2611
985 3301
985 7785
232 2612
232 3115
232 6101
1802 2613
1802 2845
1802 2990
1802 3242
1802 4455
1802 4736
1666 2614
1666 5874
1011 2615
1697 2617
1697 2658
1697 3943
881 2619
881 9338
2400 2620
2400 5303
1460 2621
1460 5637
2330 2623
2330 2701
2330 2847
2330 3570
1568 2626
1568 3541
1738 2627
2110 2631
2110 5764
1723 2632
1508 2636
1508 7512
1951 2638
1951 5960
2132 2639
2132 4400
2132 9014
1293 2640
1293 3488
1293 5825
1293 8479
1796 2641
1756 2644
1756 2787
1756 2973
1756 9182
984 2647
984 4155
984 9909
2365 2648
1887 2651
1887 4216
1887 7387
1838 2652
2186 2654
2186 2786
2186 4453
2186 4580
2186 9155
2211 2656
2211 9021
1815 2657
1815 9063
1955 2660
1128 2662
1128 7412
2272 2663
2272 5411
1722 2666
1439 2667
2531 2668
2531 3035
2531 8199
1728 2669
1728 3039
1226 2670
2048 2671
1782 2673
1782 4871
1344 2675
1344 2891
1344 4009
1344 6074
1344 7796
738 2676
738 3942
738 4413
738 6369
738 8090
1246 2678
1246 3621
1709 2683
1709 4642
1709 7058
1709 9550
2223 2684
2223 3817
2223 5207
1284 2687
1284 2867
2171 2694
1554 2697
1554 8876
1394 2699
1394 3972
2573 2702
2573 4374
2483 2703
2483 2725
2483 4109
1238 2705
1238 3979
1238 4443
1238 4560
1238 9771
1320 2706
1320 3805
1320 4019
1320 4520
1320 8063
2395 2711
2395 2768
1496 2712
1496 2804
1496 6242
1496 6920
1904 2713
1904 2981
1904 5343
1904 5653
1904 6883
1992 2714
2352 2717
2352 3879
2352 4490
2352 8133
1960 2718
1960 2952
1960 3739
2118 2720
2118 3549
2118 3626
2118 8222
2118 8801
2708 2723
2708 3321
2582 2726
2582 4769
2582 5777
2582 7064
2500 2727
2500 7588
501 2731
501 5762
501 9745
1100 2732
1100 5344
2662 2735
2662 8565
940 2737
940 9973
1871 2741
1871 2785
1871 3693
1871 3872
1903 2743
1903 4424
1903 7675
2329 2744
2329 3085
2147 2745
2147 3377
2147 6429
2444 2747
2444 5597
1950 2749
1950 3002
1950 5963
1950 8833
1573 2751
1573 6330
1573 7637
2737 2753
2737 3793
2370 2754
2370 5339
2250 2760
2250 3260
2681 2762
2681 5095
1470 2763
1470 4007
2099 2764
2099 4016
541 2765
2490 2769
2490 3274
2490 4494
2608 2770
2133 2775
2133 6448
1656 2776
1656 5275
2477 2778
2477 9218
1993 2779
1993 5437
1993 6393
2636 2781
2636 3165
1797 2782
1797 2915
1797 3691
1797 3736
1797 4881
1797 6024
1797 9472
1618 2784
2366 2788
2366 6918
2366 8003
1013 2790
1013 3715
1013 4322
435 2792
1788 2796
1788 3509
2152 2801
2613 2802
2613 6620
2006 2808
1935 2809
1935 3258
1963 2811
1963 6625
1946 2815
1946 3913
1946 5260
957 2816
2464 2817
2464 9962
2079 2818
2079 5172
2190 2819
2190 3543
2190 6640
1217 2820
2576 2822
2695 2823
2695 3050
2695 3499
2695 6445
2695 9865
1938 2824
1938 2890
1938 4635
1799 2826
1799 3654
1252 2828
1252 6192
1889 2830
1645 2831
1645 7777
2785 2832
2785 6708
2785 7416
1223 2833
1223 2999
1223 3082
1223 9356
2654 2834
2654 3398
2654 8680
376 2835
376 6323
921 2837
2756 2842
2756 8068
648 2843
648 4847
648 6270
2325 2848
2325 3870
1985 2851
534 2852
1261 2854
1745 2856
1745 4401
1941 2858
1941 3388
1941 4042
1941 5566
2294 2862
2294 2954
2294 5474
2294 5512
2728 2863
2728 3670
1078 2866
1853 2869
1853 5156
2801 2871
2571 2878
2571 4385
1981 2879
1981 3320
1981 7722
1454 2883
2469 2884
2469 4035
1096 2885
1096 5021
1932 2886
2619 2887
2619 6911
1576 2889
1825 2892
1825 7049
1305 2894
1305 8780
2123 2897
2123 8178
2123 9046
1609 2898
1609 3912
1800 2899
1800 6726
2721 2900
1067 2901
1067 3490
1483 2902
2331 2903
2331 3045
2331 6307
2331 9778
2102 2905
2102 7221
1017 2907
1769 2908
1769 6398
1552 2919
1552 3833
1369 2920
1369 4854
1369 6771
1442 2921
1442 7522
1220 2923
1220 3064
1220 3097
1220 8460
926 2925
926 5053
926 5603
1286 2927
809 2931
809 5988
809 8388
2620 2933
2620 9185
2895 2934
2895 3892
2895 4975
2895 5526
1834 2935
1834 4052
683 2936
1608 2940
1191 2942
1494 2944
1494 8553
1863 2946
1863 2972
1863 9098
1827 2948
1827 6523
1519 2951
751 2953
751 5607
1646 2955
1646 2971
1646 3692
1646 8747
2320 2957
2320 7812
2434 2958
1997 2960
1997 3528
1997 4261
1997 7357
1036 2961
1036 3963
1123 2962
1123 7761
1123 9657
2839 2964
2656 2965
2656 5259
2656 5978
1676 2967
2040 2969
2040 3835
2040 4798
2281 2974
2281 9044
2156 2975
2029 2976
2029 3434
2029 4963
2029 5903
2734 2982
2299 2984
2299 5168
2299 5884
2299 6813
2299 9955
2869 2985
2869 3827
2869 7516
2167 2987
2167 3900
2167 4563
1847 2989
1847 3436
1847 6724
1847 7514
1847 7758
2606 2991
2606 6184
2606 6811
2764 2992
2764 3940
2450 2994
2700 2996
2700 3394
2700 7769
2700 8820
2723 2997
2723 4205
2723 7374
2057 3003
2057 5928
2275 3004
2275 3160
2221 3006
2221 8115
2191 3007
2191 5895
2527 3010
2527 7332
2527 9573
2704 3012
1634 3016
1634 6069
1634 8453
621 3021
1206 3024
1383 3025
1383 4772
1383 5064
1392 3026
1392 4333
2669 3027
2669 5921
2109 3028
2024 3029
2024 3834
2024 6527
2024 7304
2951 3030
3003 3031
3003 4838
3003 5573
3003 5802
3003 8324
2188 3033
2188 5317
2187 3034
2187 3348
2187 4267
2765 3037
2765 3211
1365 3040
1365 6942
2901 3043
2901 4122
2901 8416
1163 3046
2393 3049
2393 3235
2393 3571
2393 5426
2340 3051
2340 4927
1772 3052
951 3055
951 4357
951 6062
951 6377
2812 3056
2812 7541
2247 3058
2247 4954
990 3059
990 9186
990 9372
990 9379
990 9403
1155 3060
2314 3061
2603 3063
2603 3988
2603 6628
2769 3065
2542 3066
2542 7042
2542 9220
1989 3069
1989 4084
1989 5030
1989 9803
1980 3070
1980 3283
2343 3072
2343 5823
1764 3074
1764 4181
592 3076
2376 3077
2766 3080
2766 4209
1725 3083
1725 6104
1725 7166
1301 3084
997 3086
997 3505
997 3977
997 8612
1583 3087
1583 3408
1583 3918
1583 8640
2106 3088
2106 4674
1302 3090
1302 4190
2567 3094
2796 3098
2796 7508
1472 3101
1472 4327
1472 5724
1915 3107
2915 3109
2915 4317
2915 4359
2218 3110
2218 3170
2258 3116
2258 7454
2258 8650
2258 9034
2629 3118
2629 9725
753 3119
939 3120
2472 3121
2462 3122
2462 4302
2462 7477
2755 3124
2755 3620
2755 5989
2755 6779
1957 3126
2027 3127
1824 3130
1824 3201
1824 8037
2447 3131
1479 3132
1479 4965
2271 3134
2271 4579
2224 3136
2224 6749
2510 3137
2510 4602
2510 7165
1914 3138
1914 3275
1381 3139
1381 9544
2849 3140
2373 3141
3019 3142
3019 9560
2260 3144
2260 6836
457 3148
457 9760
2831 3150
2831 3676
2831 5015
2831 5024
2831 7858
1516 3151
1516 7569
2886 3153
2900 3154
2900 6303
2900 6387
1876 3157
1876 5804
380 3161
2743 3162
2652 3163
2652 6253
1321 3164
1321 3245
1321 5523
1321 6299
1626 3173
1626 5774
1626 7517
1776 3174
2028 3175
2028 5186
2028 8937
2306 3176
1378 3178
1378 3923
2411 3179
2411 3850
2411 7933
1691 3180
1691 4484
260 3183
260 5174
1821 3185
3162 3186
1190 3194
479 3195
2783 3199
2783 6327
2783 7782
1850 3204
1850 4686
2591 3206
2745 3207
1894 3212
2857 3217
2015 3219
835 3220
835 4604
835 4835
835 6870
2650 3222
2650 3548
3088 3223
3088 4037
3088 4665
2063 3225
2063 3690
2063 6873
2063 9781
2774 3226
2774 3331
2774 6623
1428 3227
1428 6647
2894 3228
2205 3232
2205 7537
2205 8831
3184 3240
2965 3244
2655 3246
2821 3247
1307 3248
2150 3249
2150 8250
2470 3250
1130 3251
1130 6734
975 3254
975 3279
718 3262
718 4366
718 4814
2230 3265
2230 3520
2230 8336
1883 3266
1858 3267
1858 7057
1858 9323
585 3268
585 8333
2310 3269
2310 6844
2280 3270
2280 4207
2335 3271
1574 3276
904 3277
904 7633
1585 3281
3271 3282
3271 5701
3271 9195
3266 3284
2940 3287
2940 4242
2940 5129
3267 3288
3267 3662
3043 3291
3043 4438
3043 4704
2837 3293
2837 8078
2103 3294
1614 3295
1614 9263
1926 3296
1228 3297
1228 3669
1228 5034
1228 5160
1228 6702
1228 9024
1228 9891
1867 3300
1867 3339
1872 3302
2944 3303
2843 3309
3137 3310
3137 6943
2420 3311
1403 3312
2948 3313
2948 8539
2083 3314
2083 5120
2083 8330
2544 3315
1833 3316
1699 3317
1699 3698
1699 4006
1699 7371
1699 9270
2802 3319
2802 4465
2802 5083
2257 3324
2257 7465
1339 3325
1339 3557
1339 8141
3275 3326
3275 4531
3275 4724
3275 8004
3275 9494
1721 3329
1721 5101
2999 3330
2999 4010
3036 3334
3036 6552
2515 3337
2989 3338
2989 6225
1451 3341
1860 3346
1104 3347
2078 3349
2078 8843
1595 3351
1595 4159
1595 5248
1595 5390
1595 8272
1595 8389
1245 3352
2476 3355
2476 4289
2476 4653
2476 6638
2747 3356
2817 3357
2817 5692
2798 3358
2798 3824
1714 3360
2749 3361
3075 3363
2639 3365
2337 3367
2337 5061
2337 6506
1849 3368
3282 3369
2234 3370
2554 3371
2554 4650
2554 4719
2554 7786
2238 3374
2238 4923
2238 8965
1019 3379
1019 3432
1106 3380
1942 3381
1942 3680
1942 6308
1942 7202
2659 3385
2659 9698
2912 3387
2357 3389
2679 3392
2679 4093
2522 3393
1829 3395
1829 5853
1829 6095
1829 9038
2169 3396
2169 6876
2169 8114
2497 3399
2497 8991
573 3403
3148 3404
3148 4243
2327 3406
2327 8548
1057 3409
3335 3410
3335 4167
3335 5615
1434 3411
1434 9981
1487 3413
1131 3414
1131 7256
590 3415
1604 3417
1604 3508
1604 6994
2738 3418
2738 6893
444 3419
444 6185
444 6334
2736 3420
2880 3422
2880 4039
2880 4124
1493 3423
3040 3425
3056 3426
2594 3429
2594 5938
2020 3430
3299 3435
3299 3779
3299 7977
1575 3437
1575 8046
2707 3438
2707 7869
2707 9592
893 3442
893 8773
2455 3445
2826 3446
2826 3964
3055 3448
2266 3449
1343 3450
1343 6622
1890 3452
2891 3454
2891 4546
2891 8058
3429 3457
3429 5228
414 3459
1528 3461
2182 3462
2182 5578
2356 3464
2356 5036
2697 3465
2423 3466
2289 3467
2289 3609
2289 7238
2621 3471
2621 3717
2621 4200
2621 5326
726 3473
726 4910
2827 3474
2827 4506
2827 4645
3130 3481
3130 3745
2955 3485
2955 6336
2955 7122
2693 3486
2693 3770
1431 3489
3260 3491
3260 4897
3260 5404
3425 3496
3425 4931
3425 5520
3425 5617
3202 3498
2479 3501
3236 3503
3236 5620
3236 6956
1718 3504
3364 3506
3364 9942
2287 3507
2287 6415
3375 3511
3375 8072
2504 3512
1855 3513
1855 5684
1855 9486
3188 3514
3188 4980
2644 3515
3264 3517
3264 7999
977 3518
977 4911
2885 3519
2885 6097
3004 3521
2030 3522
2762 3525
242 3529
242 9930
2683 3530
2126 3531
2295 3534
2727 3535
3380 3537
1627 3545
3446 3546
3446 9434
2307 3547
2307 9243
2443 3551
2443 9460
3259 3553
3259 5550
3259 9932
1754 3556
1754 3934
1754 6343
2013 3559
1592 3560
1592 4550
1592 8441
2421 3561
2421 6048
2421 6080
1795 3562
1795 5447
1795 9294
3370 3563
2978 3564
2978 3747
3258 3566
784 3569
784 7364
784 8424
3255 3573
3255 5798
2414 3578
2090 3579
2090 8123
2090 9272
2456 3580
2456 3735
2456 5031
2456 6783
3034 3581
3118 3582
655 3583
864 3585
864 7016
1739 3587
1739 7254
1901 3588
1901 3668
1901 3938
3511 3590
250 3592
1236 3595
1236 6986
1236 7082
3523 3598
3060 3599
2391 3601
1526 3602
1526 6187
2178 3603
2178 4994
2026 3604
2026 3837
2026 8027
2026 8634
3359 3605
3359 5929
3073 3606
3073 5194
3192 3611
3192 5136
3276 3612
3276 5721
2286 3613
2286 9441
3412 3614
3412 4657
3412 4815
2799 3616
3177 3617
3177 3898
3433 3619
3433 8818
2055 3623
2055 3666
2966 3624
2966 4749
3545 3625
2296 3628
695 3629
1012 3630
2653 3631
2653 5379
2481 3632
2481 5393
2481 8912
1459 3633
1459 5694
1459 6819
2987 3635
2987 4919
3006 3636
3006 6322
1071 3637
3203 3638
3203 7021
3203 9112
3293 3643
2586 3645
2586 8346
3023 3646
2297 3648
2297 7050
2297 8879
3544 3650
3277 3652
3277 7225
398 3655
398 5631
398 6297
398 7499
398 8776
398 9531
398 9817
3284 3656
3284 4777
3336 3657
3336 3787
2541 3658
2541 7556
2345 3659
2148 3660
2148 6978
2148 7472
2148 9115
2428 3664
2428 4470
2428 4948
3062 3667
3062 9028
953 3671
953 3772
953 8938
3645 3673
3186 3678
3064 3679
3064 6526
2453 3681
2367 3683
2367 6488
2879 3685
2273 3687
3505 3688
3505 7931
3422 3689
3422 7266
3422 7616
3422 7766
3074 3695
3074 5203
3074 6110
3074 9077
1972 3696
1972 7578
1400 3699
1400 5795
1400 8293
2214 3702
2214 6279
2214 8210
3283 3703
1874 3705
1874 9473
3409 3706
3409 5090
1414 3707
1414 4487
1414 6851
1486 3708
2389 3711
2389 4041
2389 9071
3571 3712
3571 6043
3173 3713
3592 3714
3592 6486
1983 3718
841 3719
841 8642
2760 3722
2760 3757
3208 3723
3208 7878
3208 9877
2076 3724
2073 3725
3105 3728
3400 3729
3400 4059
3400 6234
2113 3730
2113 8704
3347 3732
729 3733
2160 3734
2160 7326
1205 3738
976 3741
1692 3742
2067 3743
2816 3748
2816 8394
2699 3749
2523 3750
3625 3752
3721 3753
3721 6864
756 3754
756 6481
3470 3755
3470 7112
2560 3758
3078 3759
1811 3761
1811 4395
1811 5983
1811 8800
3492 3762
3492 4673
3492 9902
3562 3766
3562 7033
1311 3768
1311 4255
1311 5486
1311 6484
588 3769
965 3774
965 4682
965 7128
3165 3776
3165 7068
3165 9907
2578 3777
3685 3780
2431 3782
2431 4411
2431 4662
2431 5945
2431 7147
1089 3783
3674 3786
2917 3789
2929 3790
3218 3792
3218 5558
3218 7070
3688 3794
3688 6264
3688 7421
3692 3795
1852 3796
1852 4397
2759 3798
400 3799
1877 3800
1877 4567
1877 6573
853 3802
853 5913
3573 3803
3573 7539
2776 3804
2638 3806
3607 3807
2772 3808
2772 6611
2773 3809
3585 3811
2577 3813
2577 5739
2577 5925
996 3814
2252 3815
2252 4660
1703 3816
1961 3819
3317 3820
2193 3821
3220 3823
3220 7554
1361 3825
3651 3829
3651 7882
3651 9010
3651 9378
3305 3830
3305 5673
3463 3831
3463 7974
3463 8168
3463 9610
3051 3832
3051 3862
3051 5906
2492 3836
3614 3839
3614 7123
3751 3840
2658 3841
2375 3843
2375 6012
3497 3844
3497 4222
3497 4687
3497 8353
1664 3845
1457 3847
1457 6102
1457 6675
2720 3852
2677 3856
2677 4231
2677 7443
2677 8109
2363 3857
2363 6021
2363 7369
3677 3858
3677 6747
3677 6895
3852 3859
3024 3863
3024 4306
3024 5184
1108 3864
1757 3867
1757 4177
1757 7694
2665 3871
3047 3874
2711 3875
1994 3877
1994 4163
1994 4479
1994 5510
3824 3878
2517 3880
2517 6534
416 3882
416 6088
416 7978
898 3883
898 4647
898 9829
3288 3884
3288 4223
2867 3885
2617 3887
2617 9452
2933 3888
2933 7329
1971 3891
3726 3893
3726 4808
3726 9718
2881 3894
3325 3896
3325 4213
3325 5439
3245 3902
1014 3904
1014 5209
1014 6294
1014 7587
1014 7898
1986 3905
2494 3906
2494 5019
2494 5685
2494 8172
391 3910
2942 3911
509 3916
509 4106
509 7308
3466 3917
3139 3919
3139 4412
3139 8457
3139 8782
3488 3920
3488 4150
3128 3921
3128 4373
3128 5241
3737 3922
2599 3924
2599 4501
2599 6493
2599 9574
3687 3929
1933 3930
2290 3935
1040 3939
3873 3941
3873 5647
2913 3944
3440 3945
3440 4970
3897 3946
3897 8685
3459 3947
3459 4221
3774 3949
3774 4300
3774 6193
3774 9677
905 3950
1578 3951
1578 5154
1429 3952
1429 5032
2398 3953
1043 3954
2584 3955
3899 3956
2777 3957
2777 8277
1504 3958
1254 3960
1254 7313
2051 3962
2051 5170
2372 3965
2372 9242
1690 3967
1690 7901
1690 9004
3705 3968
3705 5286
1945 3971
1945 4256
1945 6485
3560 3973
3560 8104
2086 3974
2086 6626
2086 7190
2086 9201
2369 3975
1896 3976
981 3978
981 7065
3175 3980
3175 5091
1023 3981
1023 6784
1023 8495
3869 3983
1953 3985
1953 3990
2597 3989
2597 6551
1758 3992
1758 4076
1998 3995
1998 8157
3615 3997
3615 7564
580 3999
580 5820
3766 4000
3361 4001
3361 4669
3372 4003
2312 4004
2312 4868
1708 4005
1708 7372
3015 4008
3015 4544
3015 4782
3015 7080
3015 8205
2732 4014
2732 7661
2631 4015
2631 4354
3397 4018
2767 4020
3796 4021
3796 5841
3796 9742
2547 4025
2547 8166
2719 4028
2719 6697
2719 8088
3507 4029
1209 4030
1209 5433
1209 6365
2131 4031
2131 4930
2131 5737
845 4033
845 8992
3349 4036
3349 5357
3349 7679
2630 4044
2630 6015
3096 4045
3096 4382
3096 5058
2525 4046
2525 4528
3706 4047
3706 6087
3680 4048
3248 4049
3248 6060
3018 4053
3018 4118
1870 4054
2963 4056
2823 4057
3632 4060
3632 5907
3632 7856
3729 4061
3729 5003
1743 4062
1743 8273
1743 9806
3689 4065
1314 4066
2011 4069
2534 4078
2534 8112
2410 4079
2410 6283
2410 8931
3183 4080
3183 6886
3183 9439
1367 4081
1367 9670
2097 4082
1662 4085
1662 6473
1622 4086
1622 4433
2960 4087
2960 5758
2071 4088
1643 4089
1643 6728
3308 4090
3308 6512
2833 4092
1987 4094
1535 4096
1535 5525
3797 4098
3797 5678
3244 4101
3244 5084
3151 4102
3151 5251
3150 4103
3150 7852
3150 9105
2533 4104
2533 7431
2533 8385
2568 4108
2568 5023
2969 4110
2969 4423
2969 5785
3476 4111
3476 6098
3476 8002
3864 4113
3864 6434
3864 7030
3112 4116
3112 8758
2675 4117
2675 5399
3895 4120
1988 4121
1988 5536
1884 4125
1862 4126
1862 4891
2007 4127
2007 9607
3468 4129
3468 4234
3468 5973
3468 8059
2946 4132
1340 4134
1340 7955
770 4135
770 7294
770 8158
3937 4136
3937 5056
3937 9580
830 4138
830 4786
830 7366
830 8696
3842 4144
3842 8118
3842 8449
1127 4146
2122 4148
2122 7460
3338 4149
3338 8417
3647 4151
3647 4362
2068 4152
3786 4154
2353 4156
2353 8869
1810 4157
292 4161
292 7310
292 9809
3106 4162
3106 5651
3106 8183
3541 4168
3541 7249
4086 4169
4086 9957
1537 4171
2138 4172
2138 4862
2958 4173
2958 7179
3146 4174
143 4176
2789 4180
2789 5911
3657 4182
2758 4183
2758 4587
3619 4186
3859 4191
1538 4193
3450 4194
3450 8487
3896 4198
3896 9045
2845 4199
2845 7596
1804 4202
2201 4203
2201 9674
1979 4204
1979 7788
3434 4206
3434 5388
2080 4208
3698 4210
3698 6557
2540 4211
2540 4904
2540 6983
2540 9324
3663 4215
3663 6703
2232 4217
2232 9223
4030 4218
4030 4624
3593 4219
1281 4224
1281 9436
1966 4226
1966 8614
2847 4227
2847 4457
2847 4684
2847 4689
2937 4228
2968 4229
4016 4230
3549 4233
4049 4237
4049 7450
2811 4238
2811 6371
2811 9990
3294 4240
4206 4241
4035 4244
4035 4942
4035 7184
3981 4245
2559 4246
2615 4247
3486 4248
3486 4330
1468 4249
1468 6033
2207 4251
4163 4252
4163 8062
3841 4254
3841 4663
3841 9879
2081 4259
2081 6539
2081 7053
2081 9502
1964 4262
1964 5009
2377 4264
2377 8351
2981 4266
3471 4268
3874 4273
3874 5992
3874 6720
868 4275
868 4688
2943 4277
2943 4712
2943 5189
2943 5287
3514 4279
2172 4281
2378 4287
2378 4369
2378 8323
2378 9724
2701 4291
2701 4898
2701 5318
2386 4292
2386 5513
2807 4294
4124 4295
4124 4437
1142 4296
1142 5897
1142 9826
4245 4297
4245 7170
4245 7451
3319 4298
3778 4303
3778 4564
3778 5268
3778 6701
2795 4304
3098 4307
3098 6912
2730 4308
3035 4309
3738 4311
3613 4312
3113 4314
1597 4315
1255 4318
3280 4320
2558 4321
1030 4324
3265 4328
3265 9128
2673 4329
3125 4335
3352 4337
3079 4339
3079 6565
3079 8981
1856 4341
1856 7545
4194 4342
4194 5816
552 4344
552 5971
2996 4345
2996 6061
2437 4347
1606 4348
3887 4350
3887 5428
2530 4351
2713 4352
3164 4353
3262 4356
3262 4638
3491 4358
3068 4360
2168 4363
2168 5640
2168 7872
3693 4365
3656 4375
3656 4434
4031 4379
3046 4380
3270 4381
3270 6465
3270 9585
2589 4383
3513 4387
739 4389
827 4391
3358 4393
3358 8083
4337 4396
4337 5380
4337 8026
2825 4398
2825 4545
2825 8229
4300 4399
4300 8562
3133 4402
3133 8524
4103 4403
4103 4739
3809 4404
3809 7579
3809 7985
3756 4405
2427 4406
2427 8955
2427 9626
3343 4410
3343 5148
2518 4414
1990 4415
1990 8691
2757 4416
2757 4804
1967 4417
1658 4421
1467 4426
1467 8013
499 4427
499 6699
3580 4428
3178 4429
3178 6833
3178 8795
4331 4431
4331 6530
4331 8854
824 4432
824 7063
4114 4439
4377 4441
4377 5924
3870 4444
3870 5581
3870 9540
2053 4445
2794 4447
1735 4448
1735 5970
3342 4456
3342 5152
1005 4458
1005 6609
3953 4459
3953 5807
1973 4461
1973 5969
1683 4464
1683 5218
1683 6960
3059 4467
1413 4469
1413 5671
3653 4471
3653 4900
3949 4477
3949 5621
3949 9923
4142 4478
2065 4480
2065 9919
4188 4481
2696 4482
3351 4485
2268 4488
2268 6780
2058 4489
2058 5843
2235 4491
3054 4492
3054 4572
3054 6186
3054 6269
3054 6599
3054 6866
3054 8341
3537 4495
3143 4497
3143 6351
3143 6629
3519 4498
3519 6923
2056 4502
2056 4899
4402 4503
4402 9727
2239 4504
2239 9904
3251 4505
3251 5952
3251 6998
3815 4510
3241 4511
3094 4512
3094 7659
2383 4513
3883 4516
3365 4517
3945 4518
3945 8253
3945 9369
2104 4522
3010 4523
2269 4524
762 4525
2546 4526
4341 4530
4341 5311
4341 6661
4262 4532
1204 4534
1204 6423
1204 9687
3345 4535
2035 4536
2035 6560
2035 7646
4145 4538
2753 4539
2753 6605
1533 4541
1117 4543
1117 6385
1117 7346
710 4547
710 5391
710 9214
4076 4548
4076 5476
4076 7071
1069 4549
2805 4551
4425 4552
4425 8785
4381 4553
1727 4556
1402 4557
1402 5517
3378 4562
3641 4565
3964 4566
3964 4869
3964 7712
2521 4569
2521 6867
1895 4570
1895 5690
2572 4571
4427 4576
1296 4581
4131 4582
4131 6093
4312 4583
1529 4584
1529 8738
4460 4585
3703 4588
1779 4589
3528 4590
3528 6507
3528 7382
3295 4591
4526 4593
4526 7400
4561 4595
3089 4596
3323 4597
3205 4600
3205 6237
3205 8966
3377 4605
3392 4609
3392 5329
3392 6413
2815 4610
3891 4611
4487 4613
4487 7018
4487 8461
2691 4614
2691 5378
2691 9696
4174 4617
4174 5298
4516 4618
4516 7285
2702 4622
2702 7595
3866 4626
4042 4628
4042 6433
3831 4629
3831 8859
3970 4630
3970 6875
629 4631
629 6887
3252 4632
4003 4633
4003 7013
2962 4634
1362 4636
1362 7824
4119 4637
4040 4639
4578 4640
4578 5239
1380 4643
4645 4646
4645 9864
4474 4648
4118 4649
3745 4654
3745 6359
3745 8297
3772 4655
3772 9520
653 4656
2775 4658
2775 7553
1033 4659
1033 4988
1033 6804
1033 7083
1033 8558
4160 4661
4160 6561
4160 7559
4160 8414
4160 9830
3707 4664
3707 9084
4596 4666
2361 4668
2361 6439
3717 4670
4185 4671
4185 5834
4185 9167
3806 4672
3806 6772
3806 8861
3744 4675
3480 4676
3480 8193
871 4677
3521 4679
3961 4680
3961 9092
4654 4681
4654 5842
4654 7316
3120 4685
3120 5089
1767 4692
1767 5354
4028 4693
4028 8651
4309 4695
4309 6146
3915 4696
2251 4697
2251 5533
2251 9381
3235 4699
2750 4700
3198 4702
3198 9897
1912 4706
1912 8445
4677 4707
2512 4708
2512 7621
3485 4709
3485 6404
2532 4710
4462 4711
3156 4713
3156 4837
3156 7224
3946 4714
3946 7176
3946 9284
1923 4715
1923 6980
1923 7706
1178 4718
1635 4720
1635 7330
1635 8598
2909 4727
2909 6827
2909 8130
2570 4728
2570 9744
3670 4729
3670 4981
2974 4730
963 4732
963 4773
2922 4733
4426 4734
4426 8976
4426 9568
3115 4735
3115 5308
3115 9893
3141 4738
3141 5977
3141 9481
1352 4741
3867 4742
3237 4744
4716 4746
4716 6975
4716 7146
4716 9109
3373 4747
1654 4750
2452 4753
1076 4755
1076 6727
3825 4756
3201 4759
4635 4762
4644 4765
4644 4912
4152 4766
4152 5068
4152 7887
4453 4767
4453 8220
2543 4768
2543 8615
4169 4775
4169 8196
4169 8423
2786 4776
4032 4778
4032 7584
4110 4779
3460 4783
3460 8658
2976 4787
2976 9371
4189 4788
4189 9630
4773 4789
4773 6946
4786 4790
3076 4793
3076 6644
3076 7662
988 4795
505 4797
505 9507
3503 4801
3467 4802
3612 4803
3612 5177
3728 4806
4287 4809
4177 4812
3510 4813
3510 8796
3510 9802
3324 4816
3324 6787
3324 8956
3333 4818
3333 5331
3333 7860
4746 4819
4746 7397
4515 4820
2394 4822
2394 9104
2394 9160
4227 4823
3020 4825
2868 4826
2868 9528
3694 4827
2536 4828
3840 4829
3840 8320
4203 4830
4203 5223
3669 4831
4547 4834
2482 4836
1640 4840
583 4842
583 9701
971 4843
971 6969
3030 4844
4554 4845
2236 4846
2236 7025
2832 4851
2832 4943
4759 4852
3650 4853
3650 7618
3957 4855
2499 4857
2499 4972
3431 4859
3431 5288
3431 5885
4843 4860
4843 7947
4167 4864
4167 5545
3894 4865
3879 4866
2019 4867
2173 4870
2173 8396
2173 9984
2139 4873
1481 4874
1481 8179
4807 4878
3408 4879
3408 6461
3408 7052
3789 4880
3789 9301
4518 4883
3830 4885
3830 5849
3430 4886
3430 7867
3474 4888
2637 4893
2637 8444
3999 4895
1999 4896
1999 5002
1999 6500
1999 6693
3210 4901
3210 5454
3210 6514
3851 4903
3764 4906
3764 6714
3764 6807
2593 4908
3402 4909
2935 4913
2935 7699
1264 4916
3610 4917
3610 8239
3690 4920
3690 6961
2111 4922
2111 8900
1555 4924
1555 7015
1555 8271
3032 4925
4120 4926
4120 9810
4250 4928
4250 5681
4250 9298
1399 4929
1399 5276
1399 5636
3658 4932
3658 5765
3658 8412
2098 4934
4074 4935
2047 4937
2047 9163
3529 4941
3529 5071
2998 4944
1729 4945
3311 4946
3918 4947
1770 4949
3136 4950
3318 4951
2916 4953
2916 5589
4883 4955
4883 7535
3002 4956
2117 4958
2117 7243
3998 4959
3297 4967
3253 4968
1282 4971
2025 4973
2905 4974
2905 8056
3814 4977
3814 9408
446 4979
446 6244
446 6637
446 8446
3495 4983
4261 4984
4749 4986
4749 5130
2101 4987
2101 8802
2575 4990
2575 5886
3666 4991
2763 4995
3929 4996
4918 5000
4512 5001
4721 5004
4838 5005
4838 6000
3435 5006
3435 5771
2791 5007
2936 5010
2936 5190
3329 5012
2509 5013
2509 5456
1385 5014
1385 7342
3575 5017
1159 5018
1159 5338
1159 7781
2768 5020
4742 5025
3712 5026
2883 5028
2498 5033
4828 5035
3274 5037
3453 5038
3453 5662
3453 7487
2158 5039
2480 5040
2480 9503
4172 5041
4172 5166
3893 5042
3893 6834
3893 9599
3893 9650
4570 5043
2641 5046
3996 5047
3996 6678
3996 6808
3996 7004
3741 5048
4293 5049
1129 5051
2954 5052
4851 5054
4851 7903
2157 5057
2157 5716
2157 8187
4990 5062
4559 5063
4559 7720
1448 5065
1448 8574
4525 5067
3933 5076
3159 5079
3159 8726
3820 5085
3820 5940
3820 7836
2406 5086
2406 5786
4456 5087
4456 7975
4456 8954
4456 9982
4665 5092
3163 5093
5090 5094
5090 5395
5090 6795
5078 5097
2043 5098
3624 5099
3624 5352
3624 7430
1781 5100
1781 8754
1781 9980
1866 5102
3966 5103
3966 7142
1241 5104
1241 6627
3464 5105
3464 7493
3464 9739
3683 5108
3683 6719
2154 5110
4435 5111
1784 5113
3307 5115
2961 5116
2961 5137
2961 5249
2561 5118
2561 5504
2561 7097
4795 5119
4850 5122
4850 5171
4850 5722
3093 5123
3093 7168
3556 5125
3808 5128
2066 5131
2066 7318
3889 5132
3889 8602
2208 5133
3390 5135
3390 8681
3498 5138
1098 5139
3152 5142
3152 6646
1342 5144
3157 5145
2433 5146
2433 6219
2433 8920
4490 5149
4053 5151
1854 5155
5013 5157
2980 5162
2980 8001
2980 9943
3153 5163
3153 9130
3857 5164
5136 5167
4355 5169
4355 9042
2485 5173
1995 5175
1995 6251
3499 5180
3499 5801
3499 8735
3045 5181
3045 6617
2939 5182
361 5183
2537 5185
2537 5457
4019 5187
2563 5191
2563 8120
3919 5195
3379 5197
3379 5901
3379 7286
3379 9976
2964 5198
2964 5216
863 5199
4407 5200
3209 5201
4848 5202
4146 5204
3639 5206
3639 9110
4443 5208
4443 7807
4443 9559
1156 5210
1156 8516
3930 5211
1741 5213
1741 5302
1741 5667
3734 5214
3142 5215
3542 5217
3542 5766
3542 6754
4803 5219
387 5221
2180 5222
2180 5460
2180 5470
2180 8993
4493 5224
4021 5225
4021 6105
3534 5226
3906 5229
3906 5879
1750 5230
1750 6502
1752 5232
1752 6091
1752 9068
4637 5233
4637 6688
4637 8442
4199 5234
2604 5235
2604 6615
2604 7023
2841 5236
1435 5237
1435 5920
1435 8793
3901 5238
2508 5242
2418 5243
2418 6985
2418 8298
218 5244
218 8538
2852 5245
5220 5247
5220 6157
4385 5250
4671 5253
4671 7542
4977 5254
3289 5255
4476 5258
2473 5261
3762 5264
3862 5265
4102 5266
4026 5269
3609 5270
4582 5271
3832 5272
3832 7583
3131 5280
3131 5999
3757 5281
838 5282
838 5659
838 9426
4289 5283
4289 8095
1806 5289
4489 5291
3414 5292
3414 5294
2997 5295
724 5297
724 6586
3441 5301
3441 6587
3441 9144
4957 5304
3923 5306
3923 7201
3923 9863
4951 5307
2034 5313
631 5314
4193 5315
4193 9719
3649 5319
3649 8635
4365 5321
3844 5322
3844 5334
3844 7408
3844 9430
5068 5325
2938 5328
3914 5330
4885 5333
906 5335
5182 5340
5182 9099
1389 5341
3129 5345
3129 7989
3129 8678
3710 5346
3710 7148
3710 7183
4017 5347
3341 5348
3124 5349
3124 8081
4748 5351
4360 5355
2752 5356
2752 6212
2752 8821
5239 5359
3322 5361
3322 5968
3322 6155
4859 5362
4859 7453
4859 8698
3837 5363
3837 5450
322 5364
3792 5366
4352 5367
4352 6800
4352 9395
2136 5370
2731 5374
2731 7551
2810 5375
5290 5376
4229 5381
4389 5382
4389 6602
4284 5384
4284 7469
4284 8300
4284 8817
4091 5385
4091 7219
4091 8306
2488 5386
2888 5387
4282 5392
4973 5394
4973 6172
4401 5398
2803 5400
1820 5402
1820 5817
4048 5403
4048 5419
4048 9229
2403 5406
745 5408
745 7393
4546 5410
4834 5412
1705 5414
1705 8390
5399 5417
2237 5420
2237 6934
4705 5422
4705 6381
4705 7707
2091 5423
2091 8447
3456 5424
3819 5425
3819 8269
4059 5427
5221 5430
1007 5431
1007 6209
1007 7594
1007 8656
3679 5432
4892 5434
4892 6071
5149 5435
1819 5436
5199 5438
5199 7106
4347 5440
1419 5441
4397 5442
4397 5935
3100 5443
3100 6842
2975 5444
2975 6046
3489 5446
5236 5448
5236 5511
5070 5451
4439 5453
4439 5505
4439 8302
4722 5455
4722 7302
4492 5458
4492 6352
5195 5459
4213 5462
3207 5464
4470 5465
4470 9805
4941 5466
2408 5468
2818 5469
5044 5473
5044 9389
4872 5477
5374 5480
5374 9532
3660 5481
4279 5482
4279 5932
5465 5483
5465 9309
4726 5485
4545 5487
4545 7617
5026 5488
4836 5489
4836 8366
5065 5490
2405 5494
4575 5495
3135 5496
3135 5749
3135 9111
5088 5497
5088 9183
5434 5498
4615 5501
5203 5506
5203 8467
3967 5507
3967 5769
2120 5509
2120 7772
4819 5514
4819 7099
3876 5515
2672 5516
2507 5518
2507 5865
2507 6537
3917 5521
2565 5522
2407 5524
2407 8910
4156 5527
3863 5531
4695 5532
4246 5534
4246 7597
373 5535
2336 5537
2336 5809
4178 5538
4178 6572
4178 7981
4454 5539
5000 5540
4627 5542
4627 8625
2181 5543
4697 5544
4697 5746
3596 5546
2928 5547
3582 5548
3582 9993
1424 5549
4265 5551
1899 5552
1899 6405
3268 5553
5442 5556
5442 7297
4910 5557
4910 7059
4910 7376
3635 5559
3635 7944
4821 5560
3943 5561
4506 5562
483 5563
483 8554
5477 5564
3144 5565
4630 5567
5040 5569
1719 5570
1719 6443
1719 6682
1719 8835
5455 5571
3479 5572
4449 5577
4675 5580
4510 5582
4510 9166
1532 5585
2085 5586
3092 5587
4800 5588
4711 5590
4711 8860
5020 5591
5020 6233
3755 5592
4344 5593
4890 5595
4890 8808
4150 5596
4150 6619
4150 7349
4150 9008
4588 5598
4345 5600
4438 5601
2640 5605
5516 5606
5516 8502
1882 5608
1882 7134
4221 5609
2780 5610
4066 5612
4066 5824
4144 5613
4614 5614
4614 6335
4080 5616
4080 8935
4210 5618
3388 5619
3091 5622
3900 5623
3900 6441
5073 5626
5073 6977
5073 8918
4236 5627
4236 6812
3908 5628
5212 5629
3770 5630
5158 5632
5158 7307
4776 5633
5548 5634
5548 6190
5548 8789
5548 9361
2739 5635
4653 5638
4653 6007
3736 5641
3736 6059
3749 5642
3444 5644
3444 8641
3444 8664
4340 5646
4340 6730
5390 5650
4660 5655
4660 9763
5233 5656
2360 5658
2360 7601
5379 5660
2529 5663
5159 5664
5159 8970
3122 5665
3122 8150
5636 5666
4224 5668
2107 5674
2788 5675
2788 6401
4801 5676
3229 5677
879 5679
1068 5682
3401 5687
3401 9299
3898 5688
3697 5691
1521 5693
1521 6799
4461 5695
3817 5696
4361 5697
348 5698
348 5787
5037 5699
5037 9996
4481 5700
4481 6112
582 5702
582 7549
2212 5703
2865 5704
2983 5705
4302 5710
4302 6865
5406 5711
1652 5712
2562 5714
2562 6261
2562 8891
3702 5715
3702 7626
3702 8848
3138 5717
3404 5718
5449 5719
2125 5720
2125 6138
2125 7167
2125 8405
3652 5723
3652 7658
4220 5728
4928 5729
2231 5730
2505 5732
2505 9273
2270 5733
2270 7192
4093 5734
4093 9170
4806 5735
3174 5738
3578 5740
3578 6345
1937 5741
1937 7503
3014 5742
4467 5745
3568 5747
3568 7558
5616 5748
5404 5750
2170 5751
1910 5754
2959 5755
4590 5756
3190 5757
4854 5759
3637 5760
2305 5761
2093 5763
2093 8948
4046 5767
2718 5773
2718 6131
1726 5775
546 5776
546 6325
4105 5780
5391 5781
3853 5782
4543 5783
4543 6378
4543 7407
1598 5790
1334 5791
1334 9465
4123 5792
3447 5793
4161 5797
4161 7287
2872 5799
5446 5800
4905 5810
5139 5811
5139 8443
3515 5813
3515 6455
3515 9928
2519 5815
1031 5819
5313 5821
4176 5822
4743 5828
4743 6837
4743 7177
4772 5829
3783 5831
3783 8999
4736 5833
4736 8307
5392 5835
5787 5836
5661 5838
4822 5839
4822 6227
5271 5845
2033 5847
2033 8649
2033 8694
4346 5848
5450 5850
5450 7003
4529 5851
3551 5852
1753 5856
2284 5857
2284 8996
155 5859
3608 5860
3608 8192
3567 5861
3567 8464
3567 9989
2014 5863
2014 7544
2014 8550
4108 5867
2893 5868
5287 5870
5551 5871
3767 5876
3767 7345
4632 5877
1909 5878
1909 7744
2649 5880
4649 5882
2416 5883
5229 5888
5229 6548
5475 5889
4304 5893
4304 9565
2204 5894
4500 5896
4134 5899
5011 5900
4180 5902
5107 5904
5107 6284
5107 7075
3315 5905
3315 9741
5740 5908
3407 5909
3057 5912
1715 5914
1715 6235
1715 7676
1715 9459
5439 5915
4787 5918
4787 8639
5811 5919
5811 6674
5848 5922
4109 5923
3952 5926
3161 5931
3761 5933
1843 5934
1843 9337
5528 5939
2228 5941
3031 5943
5558 5946
5558 9680
3037 5949
3037 6049
3037 7728
5396 5950
5623 5951
4386 5953
4386 7288
5760 5954
5760 9591
1826 5955
2449 5956
5452 5959
2380 5962
4842 5965
798 5966
1534 5967
1534 7849
2412 5972
2877 5974
2877 6854
5272 5975
5272 9644
2315 5976
4382 5980
2925 5981
3042 5982
4413 5984
4413 8383
4537 5985
4271 5986
4182 5987
1490 5990
5353 5991
5054 5993
4809 5994
4809 6140
2663 5995
5762 5997
5865 5998
1817 6001
1817 7719
1817 8386
927 6003
4796 6004
4796 7684
3420 6005
4621 6006
4621 6206
4621 8546
5908 6008
5605 6009
5654 6010
5683 6013
4116 6014
4116 8135
4702 6017
4283 6018
4283 8122
2008 6020
5047 6023
3376 6026
5009 6027
3782 6028
846 6029
2778 6031
4646 6034
3586 6035
4089 6036
4089 6329
3577 6037
3577 7500
4664 6038
4391 6040
4391 8048
1230 6041
1230 6577
1230 6999
1230 8170
2298 6042
5752 6044
4472 6045
4472 6914
4472 9838
5118 6051
3403 6052
5789 6053
5517 6055
5983 6056
5983 7573
4553 6058
5944 6063
5626 6064
4817 6065
5201 6066
5190 6067
5190 7104
5190 7612
4011 6068
3525 6070
5409 6072
3640 6073
5476 6075
5318 6076
4978 6077
5007 6081
5007 7734
5007 8261
5334 6082
4084 6083
4084 8005
5226 6084
5226 6947
2322 6085
3155 6089
5841 6090
4398 6094
4398 7272
2445 6096
3418 6099
3226 6103
2676 6107
4232 6108
5176 6109
5176 6650
5176 7609
5132 6111
5132 7829
5175 6113
5253 6115
5253 8507
6042 6116
5834 6117
4403 6118
4338 6120
4338 6722
4338 8142
4811 6122
4811 7055
2355 6123
2355 7492
1685 6124
2552 6125
2552 6862
4860 6126
4860 6290
4860 6639
4860 9731
4496 6127
4496 8407
5485 6128
4922 6130
4228 6132
5587 6133
3948 6136
5481 6139
4306 6141
2402 6142
5006 6144
1891 6145
5880 6147
5751 6148
3084 6150
3700 6151
3700 6567
4609 6152
4609 7440
4609 8552
2984 6153
4202 6154
4202 8052
5610 6156
2557 6158
2520 6159
5043 6161
5043 8752
4294 6162
5711 6163
2668 6164
2668 6606
2668 9635
5076 6165
5076 6228
5076 7417
5688 6167
1612 6168
5747 6170
5747 6794
6077 6171
4948 6173
3903 6178
2993 6180
2241 6182
5322 6188
3327 6189
2896 6194
3988 6197
3988 8765
3052 6198
3931 6200
3931 6906
5579 6201
5761 6202
5761 6456
5761 8616
5134 6203
2898 6204
4025 6207
4025 8756
2177 6210
5550 6211
4416 6214
3494 6215
2441 6216
5504 6217
3041 6218
2689 6220
1814 6221
2834 6224
4544 6229
4544 6477
4544 9636
2229 6230
5497 6231
5469 6232
5469 7388
5208 6236
5208 6509
5208 7178
4085 6239
4067 6241
2385 6245
4616 6249
2489 6250
2489 8957
3839 6252
3839 9127
4703 6254
5484 6255
3743 6257
3743 8570
3240 6259
6091 6260
6091 9658
6143 6262
6143 9150
3675 6263
1629 6265
1629 9428
5501 6266
5501 6757
4568 6267
2115 6268
2115 9752
3383 6271
6158 6272
5163 6273
5163 7986
3472 6275
3472 8560
4138 6278
4138 9355
4138 9878
5471 6280
5471 8591
5228 6281
5571 6282
5571 6935
4864 6286
4864 8916
4014 6288
2800 6289
2800 9344
5544 6291
5544 7077
5544 7909
2031 6293
2031 7533
4272 6295
3538 6298
6080 6300
6080 7188
6080 7619
5580 6301
4018 6304
4018 8739
5017 6305
5716 6306
3360 6311
3360 8428
3360 9325
5260 6313
2611 6314
5205 6316
5861 6320
5781 6321
5781 8255
5531 6332
6168 6333
5933 6337
3107 6339
4992 6340
6130 6341
4192 6344
6015 6346
5849 6353
5849 9511
6258 6354
4840 6355
4840 7752
3826 6357
855 6361
855 7125
855 9536
1195 6362
1195 9882
4867 6363
4867 7359
1897 6366
1897 9842
1644 6367
6336 6370
6336 9017
6336 9672
2308 6372
5128 6375
4442 6379
4442 9268
2985 6380
5988 6383
5988 7729
4390 6384
3921 6386
4930 6388
6150 6389
4267 6390
6300 6391
6300 8264
878 6392
878 8579
5389 6395
874 6397
874 6422
3836 6399
4291 6400
5856 6403
1335 6407
6359 6408
6359 6843
6359 7495
6359 7937
6359 8532
5029 6409
5029 7415
6386 6410
880 6411
4668 6414
5473 6416
5473 7923
3278 6417
3250 6419
3250 6954
3250 9427
6025 6421
3001 6425
3001 9269
5288 6426
5101 6427
1485 6428
3603 6432
4626 6435
3298 6436
1299 6437
1299 6845
2467 6438
2467 7116
3428 6440
3428 8959
1091 6442
1091 9329
4862 6447
5445 6450
6417 6451
3912 6452
301 6453
3740 6454
3740 9734
3994 6457
4339 6458
4339 8008
3662 6459
4428 6462
4285 6463
4285 8096
2060 6466
5737 6467
2042 6468
5563 6469
5340 6470
5340 8670
937 6472
3904 6474
3371 6475
2670 6479
461 6482
2623 6487
4212 6489
5200 6490
2003 6491
2003 9278
1930 6494
3493 6495
2692 6496
2692 9015
3496 6498
3496 8408
2829 6499
2829 8454
4824 6501
4824 6583
4824 8823
5333 6504
5333 8716
5222 6505
3484 6508
3331 6510
5650 6511
6292 6513
6292 7929
6155 6515
2457 6517
2457 6554
2457 7962
4520 6519
4533 6520
6390 6521
6239 6522
2682 6528
6487 6529
4899 6531
6163 6532
5198 6535
5198 8248
5198 9823
4531 6536
2144 6538
2144 7433
3432 6541
3458 6542
3458 8143
5095 6543
5095 8282
1732 6544
2016 6546
2016 9292
3617 6547
4383 6549
4383 6882
4383 9682
5186 6550
6334 6555
6334 8409
6334 9339
2622 6556
3233 6559
1778 6563
1778 8430
5953 6564
5384 6566
3746 6568
3992 6570
3992 9712
620 6571
620 7701
4826 6574
5522 6575
5522 7092
4112 6576
4112 7593
4763 6578
4763 6937
4317 6579
4317 9314
2459 6580
983 6584
983 7870
4793 6585
6324 6589
6141 6590
3877 6592
4815 6594
5256 6595
6403 6600
5984 6607
5984 7375
5984 7438
6119 6608
6119 7436
6119 8337
6119 9861
1473 6610
3254 6612
1704 6614
1704 7645
5786 6616
2348 6618
2348 7234
2371 6621
2371 6733
2371 7014
4858 6624
4858 6633
1936 6630
1936 8289
5926 6632
5356 6634
5356 8455
5462 6635
5859 6641
5859 7608
4104 6642
4104 8065
4104 9491
4949 6643
4847 6648
4847 8690
2992 6649
2992 7096
2596 6651
5731 6652
2349 6655
2349 9152
3438 6656
5971 6659
946 6660
5897 6664
4298 6665
5146 6667
5146 9611
5174 6668
750 6669
1183 6670
4079 6672
5327 6676
5597 6677
5597 7196
5597 8646
4855 6681
4961 6684
1020 6685
3263 6689
4572 6690
5893 6691
5893 9485
1842 6692
6234 6694
5129 6695
3506 6700
5145 6704
3928 6705
5735 6706
5178 6707
5178 7290
4471 6709
4471 7377
1710 6710
1224 6712
5708 6713
4799 6716
4799 8285
6033 6717
4205 6721
2970 6729
4765 6731
5839 6732
4259 6735
5279 6739
5279 9541
5612 6740
6514 6741
3618 6744
4356 6745
5723 6746
5723 7868
4679 6748
3028 6751
4083 6752
3531 6755
3531 9231
3312 6756
6445 6758
6699 6759
6699 8580
6699 9176
6595 6760
6351 6761
3176 6762
4451 6765
6109 6766
166 6768
3583 6769
3583 8159
6726 6773
6726 9123
5041 6774
5041 9354
5770 6775
5624 6777
5624 7203
5624 7432
3699 6781
6780 6782
2245 6786
6125 6788
2666 6792
2666 9138
6653 6796
6237 6798
4444 6802
4444 7000
5994 6803
6697 6805
6007 6806
5791 6809
5987 6810
2771 6814
4139 6815
4139 7032
4139 7698
4139 8355
4687 6817
4687 8121
6522 6818
1370 6821
1370 7813
1370 8185
6145 6823
3116 6824
6538 6825
1675 6826
1675 9833
2409 6828
2409 7088
4314 6829
2036 6830
5385 6831
6822 6832
6822 9854
6481 6835
6481 8154
5601 6838
3997 6839
6264 6841
6264 9247
6264 9728
3387 6847
3387 9811
2351 6848
5619 6849
5055 6850
5055 7298
3965 6853
6161 6855
3775 6857
6272 6858
3558 6859
4343 6860
4308 6861
4308 6984
4308 8961
4308 9387
4785 6863
6243 6868
6510 6869
6510 8128
6510 9901
1816 6872
2092 6874
5060 6877
6497 6878
6497 9226
6454 6881
5965 6884
5965 7815
5875 6885
5505 6890
5658 6891
1822 6894
6764 6896
4939 6898
6108 6899
6108 8462
6370 6901
4583 6902
4979 6903
4979 8217
5663 6908
5663 8263
6807 6909
6807 7444
734 6915
5713 6916
2311 6917
2311 8173
5743 6919
5743 9187
5937 6921
5726 6922
5077 6925
5276 6927
5276 9353
2038 6928
2038 9350
4611 6929
4611 8270
6858 6930
571 6931
571 9547
3865 6933
3865 8364
3865 9708
4804 6938
6296 6939
1947 6941
4730 6945
2864 6948
2864 7035
6521 6949
2624 6950
4325 6951
4325 9834
5917 6952
5917 7327
3238 6953
3238 7040
6528 6955
4483 6957
3223 6959
3223 9035
1121 6962
1121 7267
6814 6963
6814 9617
6710 6964
1253 6965
6217 6966
3802 6967
6307 6968
2634 6970
6733 6971
6733 8010
6733 8757
4406 6972
4406 9070
711 6973
5299 6974
4200 6976
4200 7448
6157 6979
2897 6982
2897 8936
1760 6987
6541 6988
1805 6989
4431 6990
4431 7771
3960 6992
3960 7273
3960 7367
3960 7797
4752 6993
6666 6995
637 6996
4333 7001
6788 7002
6788 7337
6788 7680
3481 7005
5202 7006
5202 7220
5202 8208
3239 7007
5574 7009
5574 7263
5754 7011
6874 7012
6251 7017
3398 7022
3398 9934
5673 7024
6584 7026
1687 7027
1687 8332
1566 7028
3590 7031
3590 8909
5500 7034
3754 7037
5980 7041
5355 7043
6001 7044
3016 7045
1518 7047
1518 7074
1518 7149
5633 7048
5633 9622
1196 7051
1196 8628
3097 7056
3633 7060
5014 7066
5874 7069
5874 7091
6835 7072
6835 8778
6338 7076
4288 7078
4372 7084
1588 7086
6551 7087
2890 7089
3461 7090
1446 7093
7008 7094
4767 7095
4788 7102
3667 7103
1072 7107
1072 9029
6523 7108
6523 7352
942 7109
942 7642
6857 7110
2957 7111
2957 9069
2334 7113
2979 7114
2979 8403
6635 7115
6635 8559
6837 7118
6837 7276
6520 7119
6520 9058
4844 7120
4844 7737
7029 7124
6357 7126
6357 7897
6357 9649
5873 7127
5873 7808
3818 7129
6875 7131
3426 7132
3742 7133
2602 7135
6451 7136
6413 7137
5067 7140
1875 7141
4967 7143
6534 7144
3972 7145
5305 7150
6431 7151
6828 7153
6828 9642
6906 7154
2873 7157
6992 7161
4839 7162
4897 7163
3565 7164
5344 7171
4357 7172
3993 7175
3000 7181
3000 7935
4889 7185
5321 7186
3938 7187
3938 8203
1359 7191
3848 7193
6236 7195
6776 7197
4841 7198
5912 7200
3449 7204
3449 7568
3049 7205
6367 7206
2587 7207
2587 7222
3063 7209
5941 7210
6600 7211
1498 7212
1498 9601
2674 7213
4121 7214
5694 7215
3050 7217
5892 7218
5892 8345
6406 7226
2840 7227
6067 7228
6771 7229
6771 8701
5254 7231
1865 7233
3890 7235
3890 9239
4852 7236
1471 7239
1471 8227
5341 7240
5341 7791
7205 7241
4995 7244
4045 7245
5923 7246
4571 7247
4511 7252
2907 7253
2364 7257
2364 9230
3644 7258
5161 7259
5161 7811
6065 7260
4081 7262
4580 7264
4580 7809
4959 7265
4886 7268
5269 7271
5846 7277
6516 7280
5949 7281
5081 7282
7202 7283
3199 7284
5408 7289
3829 7291
6411 7292
4029 7293
2717 7295
5509 7296
5647 7299
6060 7300
4440 7303
4440 8218
6587 7309
6587 9027
5122 7311
5207 7312
5207 9368
7177 7314
3102 7317
6547 7319
6547 8348
3629 7320
5377 7321
4164 7324
4164 7832
4595 7325
2854 7328
4960 7331
6658 7333
5629 7335
5924 7336
4207 7339
4207 7954
4207 8819
5413 7340
5909 7341
4517 7343
5082 7344
5082 7731
3134 7348
5231 7350
6616 7351
7017 7353
7017 8901
4353 7354
4353 9870
6532 7355
2502 7356
2502 9892
4173 7358
2468 7361
2468 9856
2932 7362
4311 7368
5140 7370
6715 7373
3846 7378
6127 7379
6250 7380
6250 8247
5470 7381
6256 7384
6256 8718
6256 9953
3581 7386
3822 7390
5057 7398
5057 8468
3671 7399
3671 9888
3671 9910
3221 7403
6868 7404
6868 7435
6868 8915
3149 7405
3149 8878
5286 7406
5286 8082
2392 7409
4563 7410
4563 8517
4463 7411
6724 7414
4065 7418
4065 7654
6435 7419
2429 7420
3664 7423
4607 7424
4753 7425
4370 7426
2642 7427
5179 7429
1093 7437
4296 7442
5003 7445
1046 7446
2899 7449
2899 8413
5819 7452
4954 7456
4319 7457
6492 7458
5734 7459
5734 8392
725 7461
6116 7463
5675 7464
4917 7466
6871 7467
6917 7468
2703 7470
6303 7471
2460 7473
2460 8365
6869 7475
5058 7478
6222 7479
4007 7481
4007 7834
2054 7483
6689 7485
4508 7486
4508 8041
4508 9508
1958 7488
5498 7489
1218 7490
1218 8886
7388 7491
4054 7494
4054 7864
2616 7496
6266 7497
952 7498
952 9991
6711 7504
1893 7506
6722 7507
7104 7509
7104 9413
2276 7510
1888 7518
5487 7519
5845 7520
5039 7523
3257 7524
6274 7525
7221 7526
5056 7527
5056 9451
2609 7528
2609 8055
3833 7529
3833 8815
3833 8855
7395 7531
7395 7727
7395 9952
5695 7532
4410 7534
3082 7536
6223 7540
6223 8945
4082 7543
4082 7710
4464 7546
4351 7547
2851 7548
2851 9500
6355 7552
6669 7555
6100 7557
4024 7560
4024 8946
7086 7561
7350 7565
7350 8262
6280 7566
1549 7570
4605 7571
7147 7572
4937 7574
6865 7576
3228 7577
7340 7580
3147 7581
3147 7582
7220 7585
1978 7586
5008 7589
6048 7590
6048 8847
7315 7591
7427 7592
4485 7598
4485 9442
7077 7599
7077 8794
3805 7600
3805 8486
5685 7602
7571 7606
4778 7607
4778 9327
7424 7610
5184 7611
5184 8249
4877 7613
4196 7614
6690 7615
7559 7620
6474 7622
4013 7623
6110 7624
3126 7625
3126 8551
5925 7627
6488 7628
5463 7629
619 7631
619 9697
4901 7632
4901 9759
5213 7634
7128 7635
1713 7636
4270 7640
5218 7641
5218 9971
5393 7643
5393 9107
2493 7644
2493 7653
4036 7647
1152 7648
7080 7649
6424 7650
6424 9202
3475 7652
1679 7655
1679 9533
992 7656
4166 7663
4166 9343
7612 7664
4505 7665
4023 7666
4023 8265
4023 8440
4023 9251
4417 7667
2317 7668
2317 9773
272 7671
272 9462
5870 7673
4956 7674
4956 8028
5160 7677
2861 7678
6977 7681
7337 7682
1332 7683
6506 7685
3605 7686
5423 7687
4652 7689
5592 7690
2316 7693
4379 7695
5549 7697
3985 7702
5876 7703
6165 7704
5319 7705
7046 7708
5901 7709
6957 7711
6957 7735
6638 7715
6283 7716
7069 7717
7069 9564
2725 7723
4761 7724
4095 7726
4095 8483
6748 7730
1175 7736
3880 7738
5890 7739
3920 7740
7708 7742
7708 8905
5851 7745
6701 7746
6701 8194
6701 9158
6254 7747
5249 7749
1836 7750
7246 7751
7731 7753
1560 7754
3672 7755
6392 7756
5415 7757
5415 9808
6063 7759
6063 9648
6297 7760
3718 7762
4725 7763
4725 9288
5141 7764
3279 7765
3272 7767
5143 7768
4882 7770
3070 7773
6607 7774
1922 7775
6846 7776
6846 9906
7430 7778
6144 7779
5444 7780
2474 7783
4569 7789
7598 7792
2945 7793
2945 8339
2945 9124
5045 7798
5045 7987
5045 9556
6752 7799
6415 7800
6415 9578
2910 7801
6261 7803
6261 8117
2590 7810
3452 7814
3452 8200
4829 7818
7052 7820
7052 9818
4445 7821
6020 7822
7067 7823
7014 7826
7014 9375
4148 7827
4148 9751
3533 7828
3069 7830
4037 7831
4037 8513
4181 7835
6416 7837
6416 9141
5111 7838
5111 7945
7480 7839
3369 7840
4168 7841
5301 7842
5301 9181
4375 7843
3304 7844
4792 7845
4071 7846
4071 8609
4662 7847
4764 7848
2828 7851
6319 7853
6853 7854
7843 7855
4912 7859
4912 8607
3800 7861
3800 9929
3321 7862
3716 7863
6956 7866
5194 7871
6566 7873
6444 7874
5206 7876
6809 7877
7011 7879
6093 7880
6093 9026
1038 7884
1038 8750
1038 8816
5611 7886
5611 8582
2059 7889
6455 7891
6422 7892
5468 7893
5816 7894
2991 7896
3630 7900
7817 7902
7710 7904
7710 8529
3232 7905
2549 7906
6939 7907
5261 7910
7782 7911
4592 7912
5427 7913
5427 8661
6579 7915
3219 7916
6970 7917
4062 7918
7648 7919
3095 7920
3095 8621
6665 7924
7192 7925
6376 7927
6318 7928
733 7930
733 9332
5042 7932
5607 7934
3085 7936
3085 9641
6305 7939
4507 7940
4507 8868
7617 7941
5296 7942
5296 8951
5921 7943
5604 7946
4593 7948
3947 7950
7916 7951
7916 7997
3968 7956
7874 7957
4363 7958
4238 7959
6354 7961
7522 7963
7045 7965
7775 7967
7775 9515
7521 7968
6152 7969
4326 7971
4326 9594
4560 7973
3540 7976
3540 8663
2390 7980
7489 7982
5426 7983
4713 7984
5826 7990
5137 7991
7478 7992
1596 7993
6382 7994
6289 7996
7113 7998
4853 8000
6530 8006
2424 8007
7661 8011
5618 8014
6660 8015
6834 8018
5337 8019
1258 8020
3793 8021
5002 8022
5002 8787
7723 8023
7746 8024
7783 8025
4921 8029
1763 8030
1763 9390
6945 8031
6945 8326
5274 8032
3504 8033
5086 8034
7611 8035
4223 8036
6659 8038
3462 8040
3462 9204
7101 8043
6465 8044
3140 8045
4069 8047
4069 8540
6842 8049
6720 8050
6622 8051
6622 9561
7481 8053
3975 8054
1506 8057
7285 8061
7408 8066
6361 8067
7055 8069
7311 8070
4629 8073
4629 8318
7832 8074
6214 8075
5964 8076
5348 8079
5651 8080
5543 8086
7294 8087
5746 8089
7619 8091
7619 9765
2643 8092
5546 8094
3535 8098
7387 8099
7210 8103
7210 8972
7065 8105
7065 8647
7463 8106
7463 8606
4625 8107
6577 8108
2923 8110
7632 8111
1952 8116
7316 8119
3086 8124
7839 8125
2972 8126
6981 8127
6128 8129
4884 8131
4689 8136
7545 8139
3758 8140
2216 8145
4613 8146
1620 8147
3555 8148
7849 8149
3860 8151
6189 8152
7773 8153
7298 8155
7134 8160
7134 9156
4680 8161
6792 8162
7850 8163
4998 8164
4998 8790
7491 8165
4692 8167
4527 8169
6743 8171
6743 8903
5022 8175
6691 8176
6096 8177
3127 8180
6784 8181
6784 8458
5748 8182
3810 8186
3810 8963
3810 9257
8083 8188
3340 8189
4976 8190
4976 8777
4976 9103
3332 8191
4900 8197
6706 8198
6575 8201
7056 8202
6830 8204
6830 8969
6830 9370
6761 8206
7061 8207
6881 8212
3354 8213
1731 8214
5808 8215
5311 8216
5016 8219
6408 8221
2914 8223
6166 8224
3132 8226
3132 9603
7805 8228
7805 8671
3676 8231
7772 8232
7772 8276
1148 8233
3285 8234
7186 8235
3982 8236
3310 8237
7887 8240
7561 8241
2714 8243
4183 8244
7268 8245
8194 8246
3924 8251
8230 8252
7778 8254
8225 8256
7693 8257
6829 8260
4179 8266
4179 8781
6702 8268
6781 8274
4268 8278
4268 9066
8055 8279
8055 9638
8094 8280
6138 8281
6562 8284
8096 8286
8096 9767
8110 8287
6396 8288
6111 8292
7217 8295
4933 8296
2128 8299
5602 8301
3292 8304
7997 8308
4820 8309
5720 8310
4348 8317
1916 8321
7403 8322
2548 8325
5969 8327
2175 8328
7790 8331
6913 8335
4895 8338
3081 8342
5570 8343
5570 9456
4641 8347
4275 8349
4295 8350
4633 8352
2635 8354
6035 8356
5693 8357
4808 8358
6688 8359
5539 8362
4532 8363
7366 8367
5303 8369
3536 8370
7652 8371
7652 8837
6933 8374
8004 8375
8004 9941
5448 8376
4902 8377
4009 8378
2069 8379
5803 8381
4816 8382
4816 9326
2645 8384
7826 8387
7589 8391
2293 8393
5634 8395
2347 8397
4737 8399
7190 8400
2820 8401
7281 8402
2319 8404
4953 8406
3566 8410
8385 8411
8385 9646
5284 8415
1589 8418
2422 8419
6628 8421
5741 8422
5317 8425
7232 8426
5818 8427
8223 8429
8223 8836
4187 8431
4628 8432
6089 8434
6089 9266
5316 8435
5219 8437
7136 8438
7059 8439
6270 8448
8371 8451
3878 8452
7419 8456
5990 8459
5418 8465
7949 8470
1844 8472
8031 8473
4388 8474
2326 8476
4101 8477
7918 8478
6679 8480
6826 8481
4106 8482
8270 8484
6971 8485
5108 8489
2600 8492
2585 8493
2585 9774
8466 8494
7010 8496
3801 8497
7058 8498
6218 8499
4789 8500
6603 8501
6603 8526
6603 8872
6774 8503
8470 8504
3606 8506
3606 9691
5600 8508
8103 8509
1707 8510
1707 8960
4723 8511
2824 8512
3661 8514
7018 8519
2382 8521
3595 8522
6329 8523
4682 8525
3987 8527
7962 8530
8072 8531
3501 8534
6821 8535
6485 8536
6205 8537
5568 8542
5946 8545
8533 8547
7754 8549
7754 8577
5166 8555
7502 8556
8445 8563
6897 8566
3835 8567
2990 8568
4966 8571
3065 8572
5075 8575
8554 8576
2862 8583
8564 8584
6050 8585
7628 8586
5572 8587
4566 8588
5678 8589
5678 9949
6459 8590
1956 8592
1956 8740
1861 8594
6879 8595
8380 8596
4052 8597
4482 8599
8059 8600
7401 8601
7401 9444
1623 8603
4201 8605
6641 8608
2632 8610
7276 8613
828 8619
4162 8620
8453 8624
5458 8629
5458 9495
7677 8630
7663 8631
7663 9040
7449 8636
6862 8638
5394 8643
4078 8652
3725 8653
3725 8978
7313 8654
7735 8655
2921 8657
4636 8659
4636 9627
5151 8660
7984 8662
8619 8665
7234 8667
7595 8668
6540 8669
7488 8673
6391 8676
7174 8677
7411 8679
7411 9450
7411 9504
5916 8682
5916 9920
7936 8683
2853 8686
6883 8688
6385 8689
6909 8693
4823 8697
1437 8699
4945 8702
8386 8703
8386 9057
6806 8705
7346 8707
7346 8995
2440 8708
2440 9582
6185 8709
3261 8710
5672 8711
2333 8713
5495 8714
5495 9588
3109 8715
4186 8717
7829 8719
1553 8720
7909 8722
5993 8723
6509 8725
6509 9620
7835 8727
7820 8730
7865 8731
5697 8733
6639 8734
5670 8736
2538 8737
8333 8741
8686 8742
7305 8743
8479 8744
6736 8745
5135 8746
8278 8748
5443 8749
8740 8751
8740 9376
8740 9867
7274 8753
8105 8755
5370 8759
5370 9703
6273 8760
5657 8762
5635 8763
3465 8767
3465 9377
3465 9652
5759 8768
8733 8769
8733 9304
8170 8770
7655 8772
8508 8775
7486 8779
8375 8783
8567 8784
8567 9933
3044 8786
7493 8791
4327 8797
6124 8798
8146 8799
2197 8803
2197 9336
2197 9586
8486 8804
5285 8805
3790 8806
8248 8807
6794 8809
7335 8810
7335 9654
8529 8811
8529 9600
7160 8812
7160 9367
8155 8813
7007 8814
8728 8822
5106 8825
6840 8826
6840 8894
8052 8827
8052 9205
7947 8828
6434 8829
6078 8832
6078 9402
5435 8834
4090 8838
8537 8839
7769 8840
7769 8919
7218 8841
7810 8844
7253 8845
4371 8846
3356 8849
8777 8852
7038 8853
3160 8857
2151 8858
6059 8862
8271 8864
730 8866
5352 8871
6055 8874
8602 8875
4486 8877
4486 9793
8592 8880
8592 9142
1669 8881
6210 8882
7162 8883
8762 8884
8762 9977
5358 8885
6056 8887
4307 8890
7876 8892
7560 8893
3012 8895
3012 9735
7050 8896
7050 9237
5749 8902
6358 8904
2580 8908
8589 8911
5503 8913
5951 8914
6304 8917
7370 8922
7370 9787
6601 8923
5989 8924
5640 8925
5247 8926
7551 8927
5931 8929
8588 8930
7287 8932
7287 9207
2121 8933
7378 8934
5869 8940
2614 8941
2278 8942
4387 8943
7574 8944
8302 8949
5403 8950
8739 8952
7306 8953
5210 8958
6808 8962
2046 8964
2046 9968
5424 8967
6746 8971
6746 9946
6649 8973
2009 8977
6175 8980
4542 8982
4542 9022
1018 8983
5464 8984
7117 8985
4488 8986
7620 8987
7768 8988
4303 8990
6429 8994
8918 8997
4354 8998
6825 9000
8638 9001
4499 9005
6482 9006
6482 9948
2926 9007
6281 9011
3561 9012
6796 9016
4774 9018
5346 9020
3500 9023
6703 9025
7538 9031
5308 9033
5308 9139
8614 9036
8837 9039
6684 9041
6518 9043
8499 9047
6375 9048
8538 9049
5417 9050
7368 9051
8563 9052
8563 9079
8463 9054
8463 9804
8345 9055
6598 9060
2770 9061
7252 9064
7760 9065
5246 9067
7503 9072
7970 9073
8432 9074
4735 9078
3350 9080
8782 9081
7881 9083
5627 9085
5265 9086
4747 9087
5197 9089
8481 9090
6934 9091
6980 9095
5681 9096
8206 9097
7148 9100
5692 9106
3714 9108
8566 9113
6982 9114
4378 9116
5147 9117
8695 9118
7833 9119
8406 9120
7653 9121
8824 9125
8911 9126
7259 9129
7259 9505
7241 9132
3724 9134
7964 9135
7044 9136
3385 9137
8427 9140
5977 9143
7399 9145
6005 9146
8497 9147
7513 9148
7088 9149
7088 9761
5913 9154
6633 9157
8930 9159
3025 9161
8610 9162
6962 9164
8910 9171
8962 9173
8962 9357
3760 9175
5809 9177
4906 9180
1090 9184
6284 9188
5867 9189
1527 9190
1527 9424
5373 9191
9106 9192
3546 9193
5183 9196
5089 9197
7956 9198
8844 9199
7119 9200
5852 9203
8441 9208
6985 9210
4190 9212
7332 9213
4624 9216
8464 9217
210 9219
6762 9224
1661 9225
1661 9446
5676 9227
8729 9228
7537 9234
3922 9235
8342 9238
7461 9240
8757 9241
4455 9244
3154 9245
8869 9248
6088 9249
1908 9250
6071 9252
5974 9253
4898 9254
8752 9255
2878 9256
4974 9258
5615 9259
7374 9260
7657 9261
4619 9262
5979 9264
3214 9265
7633 9271
5251 9274
5251 9567
6620 9275
5709 9277
5709 9477
7271 9279
7271 9918
7271 9975
7897 9280
5719 9281
8742 9282
8378 9283
8418 9286
8988 9287
8581 9291
7229 9293
7083 9295
5259 9296
8683 9297
3419 9300
6420 9302
2219 9303
4241 9306
2451 9307
6466 9308
6328 9310
4699 9311
8671 9312
8671 9994
3735 9315
3735 9570
5599 9316
7114 9318
7114 9843
8607 9319
7689 9321
6221 9322
8987 9328
4585 9331
7828 9334
1711 9335
6802 9340
3291 9341
7630 9342
7465 9345
9346 9348
9346 9625
8455 9349
5364 9351
6414 9352
2848 9358
8243 9359
2908 9360
6427 9362
9090 9363
4274 9364
2733 9366
6932 9373
7092 9374
7092 9645
7019 9380
7304 9382
5472 9383
7591 9384
8306 9385
8306 9947
2526 9388
8679 9391
8390 9394
8360 9397
3158 9398
5289 9399
9084 9400
7691 9401
4027 9405
8151 9406
2143 9409
7863 9410
8288 9411
8288 9414
5745 9416
4685 9417
6833 9419
8066 9420
4696 9421
4696 9777
7770 9422
5335 9423
5295 9425
5123 9429
6911 9432
9057 9435
9403 9437
6337 9438
8712 9440
8712 9539
8115 9443
5169 9447
9365 9448
4128 9449
4997 9453
5339 9454
7345 9455
4656 9457
3008 9458
5537 9461
8021 9463
6245 9464
5062 9466
6859 9467
1931 9468
6758 9469
3763 9470
4734 9474
6650 9475
8814 9476
4863 9478
6531 9479
5117 9480
9145 9482
3353 9483
5460 9484
1873 9487
7600 9489
7606 9490
7109 9492
4395 9493
6478 9496
9311 9497
8185 9498
6976 9499
537 9501
8425 9506
5012 9509
5012 9890
7076 9510
2870 9512
5733 9513
6543 9514
3979 9516
4674 9517
3384 9518
6383 9522
6686 9523
7175 9524
5402 9525
5905 9529
8279 9530
7233 9534
8123 9535
6900 9538
8685 9542
6533 9543
7998 9545
7998 9911
9256 9546
7479 9548
9473 9549
6238 9551
4942 9552
7785 9553
5718 9554
6343 9555
6979 9558
8889 9562
7763 9566
7570 9569
6041 9571
6995 9572
5805 9575
7701 9576
6511 9577
9541 9579
5820 9581
7450 9583
1686 9584
5996 9587
8261 9590
7937 9593
9574 9595
4251 9596
6054 9597
9438 9598
8308 9604
9036 9605
8383 9606
7919 9608
7257 9609
8776 9613
4818 9614
8259 9615
5927 9619
9464 9623
5744 9624
5331 9628
1462 9632
2105 9633
7659 9634
8980 9637
9554 9639
5480 9640
8215 9643
3720 9653
6265 9655
6560 9660
1430 9661
4502 9662
8605 9663
7636 9665
3316 9667
3885 9669
2686 9671
5800 9673
5800 9794
5800 9848
8994 9675
5967 9676
7085 9678
8483 9681
6135 9683
8369 9684
7705 9685
5538 9686
8966 9688
1808 9690
4536 9692
577 9693
6097 9694
3713 9695
747 9704
9249 9705
8933 9707
8476 9709
6938 9710
379 9711
6085 9713
6085 9960
9314 9714
7635 9715
7669 9716
4318 9717
7584 9720
1357 9721
7688 9722
7127 9723
5005 9729
3872 9730
7107 9732
9046 9736
9125 9737
5112 9738
9426 9740
9567 9743
8416 9746
8368 9747
9376 9749
4446 9750
7840 9755
6240 9756
7608 9757
2838 9764
5973 9766
5973 9938
4047 9768
6817 9769
9674 9770
8396 9772
6801 9776
7934 9779
6140 9780
6896 9782
5806 9784
8684 9785
9184 9786
6931 9788
5361 9789
7922 9790
6903 9792
4904 9796
6491 9798
6491 9835
3368 9800
6323 9801
9685 9807
7905 9812
4248 9814
3033 9815
1747 9816
3249 9819
2931 9820
3909 9821
3909 9862
3884 9822
3101 9824
8169 9825
7761 9828
8019 9831
6037 9832
9330 9836
5508 9837
4779 9839
7786 9840
7531 9844
6473 9845
6002 9846
8920 9847
7512 9849
9122 9850
5682 9851
9540 9852
7751 9853
7751 9898
4240 9855
7307 9857
8574 9858
8444 9859
3296 9860
8140 9866
5061 9868
2550 9869
7665 9871
8365 9873
3944 9874
5243 9875
4313 9876
7458 9880
3168 9881
5801 9883
7053 9884
6714 9886
8061 9887
7416 9889
6914 9894
5032 9895
2735 9896
8088 9899
9521 9900
9195 9903
4659 9905
7747 9908
9446 9912
7680 9913
9691 9914
3927 9915
6656 9916
7679 9921
9794 9922
9454 9924
8743 9925
5507 9926
8036 9927
6989 9931
5966 9936
6177 9937
7974 9939
9306 9940
9624 9944
3785 9945
4135 9950
9513 9951
7597 9954
7371 9958
9212 9959
184 9961
9520 9963
6293 9964
4147 9966
9854 9967
9584 9969
8363 9972
2070 9974
6070 9978
4869 9979
6773 9983
9364 9985
5997 9988
7928 9995
3584 9997
9671 9998
9805 9999
