10000 4
0 1
0 2
0 66
0 205
0 711
1 3
1 6
1 13
1 90
1 657
3 4
3 5
3 17
3 53
3 469
3 489
3 661
3 1667
3 1812
3 2351
3 3411
3 3894
6 7
6 14
6 24
6 417
6 2906
5 8
5 9
5 22
5 26
5 63
5 68
5 84
5 231
5 1397
5 4812
5 7154
8 10
8 40
8 64
8 178
8 679
8 5650
10 11
10 15
10 25
10 58
10 158
10 547
10 750
10 972
10 2781
10 3334
4 12
4 430
4 694
4 1923
4 6065
4 8973
14 16
14 48
14 65
14 443
14 887
14 1575
14 2104
7 18
7 23
7 213
7 288
7 737
7 1200
7 1645
7 1791
7 2033
7 2170
7 3196
7 6352
13 19
13 57
13 71
13 76
13 89
13 93
13 197
13 221
13 823
9 20
9 33
9 34
9 52
9 75
9 1718
9 2341
9 2699
2 21
2 87
2 124
2 131
2 157
2 775
2 2283
2 5831
16 27
16 49
16 1285
16 1557
16 2190
20 28
20 51
20 1244
20 1871
20 7611
24 29
24 194
24 267
24 276
24 450
24 537
24 8284
28 30
28 67
28 108
28 128
28 630
28 4783
28 7394
22 31
22 43
22 47
22 55
22 61
22 114
22 116
22 305
22 596
22 932
22 1126
22 6158
22 6198
22 6917
22 7927
12 32
12 85
12 94
12 292
12 420
12 2826
12 8432
31 35
31 54
31 88
31 432
31 689
31 923
31 1463
31 2502
29 36
29 44
29 507
15 37
15 62
15 4723
15 7364
15 7733
15 9530
30 38
30 74
30 220
30 1352
30 2928
30 6426
21 39
21 165
21 258
21 1296
21 3042
21 3084
11 41
11 279
11 327
11 871
36 42
36 153
36 1402
36 1408
36 8814
38 45
23 46
23 80
23 82
23 230
23 264
23 864
23 5964
23 5999
42 50
42 56
42 139
42 922
42 1752
42 1878
42 6897
51 59
51 204
51 356
51 408
51 1128
51 3962
39 60
39 207
39 275
39 667
39 982
39 3099
39 4061
25 69
25 91
25 166
25 622
25 624
25 625
25 827
25 867
25 2125
56 70
56 77
56 345
56 2220
34 72
34 73
34 95
34 387
34 400
34 936
34 2650
34 3268
34 3867
55 78
55 129
55 266
55 337
55 602
55 632
55 2952
55 4169
55 6268
50 79
50 151
50 1005
50 1093
50 6444
80 81
80 306
80 2016
80 9794
60 83
60 107
60 344
60 580
60 930
60 2999
60 6149
60 9634
44 86
44 464
44 691
44 804
44 1909
44 2884
44 4784
44 6169
44 9903
88 92
88 110
88 1759
88 2706
88 4269
46 96
46 6668
40 97
40 121
40 146
40 364
40 2571
40 9005
75 98
75 372
75 573
75 880
86 99
86 171
86 500
86 1620
86 4142
83 100
83 147
83 162
83 170
83 399
83 1517
83 8870
76 101
76 946
76 1196
76 1815
76 1973
76 5101
76 6935
76 7352
79 102
79 232
79 385
79 4089
79 6429
98 103
98 136
98 1913
98 2089
98 2290
98 3387
64 104
64 188
64 2178
52 105
52 145
52 380
52 545
52 912
52 1354
52 4212
52 4600
52 8807
41 106
41 175
41 471
41 666
41 956
84 109
84 243
84 649
91 111
91 117
91 214
91 280
91 720
91 722
91 1516
91 4479
91 5952
57 112
57 137
57 2378
57 3060
57 3390
57 8874
53 113
53 304
53 1129
68 115
68 212
68 309
68 346
68 349
68 393
68 1900
68 2855
54 118
54 180
54 219
54 608
54 1347
54 1979
54 2268
19 119
19 186
19 218
19 338
19 1349
19 9970
74 120
74 123
74 310
74 503
74 787
74 7477
74 8577
107 122
107 325
107 422
107 482
107 838
107 872
107 876
107 1227
107 1628
107 3346
120 125
120 159
120 189
120 240
120 434
120 540
120 651
120 780
103 126
103 312
103 1092
103 4527
103 5828
97 127
97 138
97 300
97 323
97 439
97 474
97 2791
17 130
17 160
17 299
17 1016
17 1682
17 4273
106 132
106 4383
106 8689
92 133
92 244
92 2085
92 3668
37 134
37 250
37 371
37 927
37 1631
45 135
45 215
45 528
122 140
122 167
122 291
122 1055
122 1523
122 6834
78 141
78 370
78 829
78 3076
87 142
87 2700
87 9365
102 143
102 148
102 247
102 655
102 865
102 1042
133 144
133 173
133 331
133 459
133 1941
133 2614
125 149
125 202
125 237
125 740
125 2139
125 3198
125 9616
112 150
112 1101
112 6223
112 6427
63 152
63 278
63 414
63 7766
82 154
82 169
82 174
82 329
121 155
121 444
121 1770
121 2690
121 2721
121 8885
145 156
145 7990
145 9991
61 161
61 200
61 1217
142 163
142 409
142 648
142 1446
142 3688
142 3821
142 5303
132 164
132 233
132 242
132 368
132 390
132 962
132 1029
132 2069
132 3834
132 6612
127 168
127 1534
127 1947
127 6434
127 9556
127 9668
100 172
100 550
100 873
48 176
48 259
48 317
48 704
48 2026
48 2835
126 177
126 206
126 265
126 4711
89 179
89 298
89 578
89 685
89 1323
89 1661
89 2029
89 2677
89 3605
89 3693
143 181
143 502
143 948
143 7970
152 182
152 834
152 1859
152 2407
152 3550
152 9803
166 183
166 522
165 184
174 185
174 470
174 857
174 2914
135 187
135 2719
135 4774
137 190
137 193
137 284
137 541
137 747
137 953
137 2011
137 2167
137 5550
137 6527
155 191
155 192
155 438
155 633
155 1722
155 2120
155 3803
155 6228
99 195
99 1052
194 196
194 1120
194 2186
189 198
189 1991
189 2765
189 4864
189 4989
115 199
115 1238
115 2917
164 201
164 398
164 730
164 896
164 2079
164 2879
164 8723
195 203
195 468
195 1359
195 1641
195 5898
195 7345
195 9122
201 208
201 1388
201 1605
85 209
85 680
85 1574
85 2169
85 3207
85 3435
85 5267
144 210
144 241
144 493
144 669
144 1621
144 3945
144 5726
96 211
96 253
96 508
96 524
96 2091
96 2628
96 4611
96 4795
96 6836
67 216
67 263
67 959
67 5174
67 5534
173 217
173 262
173 3316
173 4306
173 5132
173 8192
173 9471
161 222
161 311
161 1050
161 1110
161 1392
222 223
222 287
222 868
222 5938
187 224
187 2941
208 225
208 1346
94 226
94 2769
94 2852
69 227
69 228
69 321
69 594
69 6657
69 7292
119 229
119 283
119 394
119 764
119 2922
119 3257
119 9622
33 234
33 904
33 980
33 1241
33 2076
33 2860
33 3422
204 235
204 239
204 494
204 1216
204 1344
204 1983
204 7891
188 236
188 268
104 238
104 2567
104 7694
104 8625
227 245
227 445
227 492
227 1828
231 246
231 320
231 2649
131 248
131 535
131 789
131 1521
131 8286
217 249
217 1712
217 4586
217 8219
224 251
224 523
224 5816
224 8026
224 8555
224 8983
90 252
90 473
90 6974
90 9775
43 254
43 270
43 2249
43 3916
158 255
158 778
158 1599
158 3597
158 4457
158 8205
114 256
226 257
226 736
226 1003
226 1633
226 1684
226 6644
199 260
199 332
199 355
199 484
199 837
199 1666
199 2325
199 4054
177 261
177 952
177 2347
177 2483
177 3637
177 4087
118 269
118 271
118 808
118 1602
118 9771
196 272
196 518
196 714
196 2773
196 7627
196 9378
159 273
159 569
159 583
159 3193
159 9176
219 274
219 455
219 497
219 1902
219 1946
219 2323
219 3039
258 277
258 1024
258 1880
258 2396
275 281
180 282
180 342
180 646
180 2480
180 3036
180 5011
180 5177
180 6877
180 9003
169 285
169 480
169 1002
169 5468
273 286
273 360
273 515
273 840
273 1275
198 289
198 1061
198 1424
198 1748
198 5077
198 5319
198 5564
198 9015
269 290
230 293
230 402
230 419
230 1000
230 3520
230 9430
284 294
284 466
284 2395
284 8438
185 295
185 2729
185 3231
185 6050
185 8189
58 296
58 334
58 1481
58 9266
162 297
162 366
162 5529
162 5905
141 301
141 347
141 447
141 1201
141 5145
141 6319
263 302
263 1240
263 3438
263 8590
263 8742
202 303
202 427
202 1630
214 307
214 553
214 2437
214 5957
130 308
130 786
130 2078
154 313
154 458
154 1151
154 1855
154 4517
186 314
186 441
186 670
186 992
186 1085
186 2394
186 4177
186 4361
306 315
306 1023
306 2036
306 2280
306 2611
116 316
116 731
116 788
299 318
299 588
299 1536
299 1807
299 2857
299 3696
299 8225
288 319
288 842
288 1502
288 3246
288 4972
288 5457
108 322
108 1796
108 1869
108 2037
108 3264
108 4036
244 324
244 490
244 770
244 2233
244 4324
291 326
291 406
291 413
291 3302
291 8187
274 328
274 424
274 2907
274 2949
274 3208
274 3408
134 330
207 333
207 4624
207 9084
251 335
251 1287
251 1804
251 2757
251 7748
254 336
254 460
254 765
254 937
27 339
27 431
27 1405
27 3615
171 340
171 354
171 708
171 852
171 869
171 1054
171 1495
171 1578
171 7662
248 341
248 1134
248 1381
248 2687
248 3673
248 3758
248 3937
248 9387
238 343
238 2267
238 3636
238 5923
238 9473
339 348
339 375
339 7134
109 350
109 2017
109 2142
109 3825
338 351
338 822
338 1199
338 3315
338 6665
338 7508
192 352
192 415
192 738
192 1071
192 1429
192 3474
192 6204
335 353
335 3801
335 7573
236 357
289 358
289 713
289 8948
289 9144
343 359
343 818
343 3837
343 3946
343 9936
183 361
183 1649
183 2372
183 2622
321 362
321 2522
321 7534
344 363
344 1019
344 1027
344 3775
160 365
160 3900
312 367
312 566
312 643
312 1091
312 1214
361 369
361 551
361 5584
71 373
71 465
71 620
71 1268
71 1524
71 2083
71 4373
71 7234
71 9207
293 374
293 1742
293 5133
290 376
290 527
290 621
290 909
290 1184
290 2652
290 4012
290 7524
124 377
124 411
124 5386
191 378
191 4111
123 379
123 8490
332 381
332 446
332 463
332 690
332 1778
332 3787
332 6742
332 7067
150 382
150 1072
150 1288
150 3782
313 383
313 794
313 2379
313 5802
313 9741
317 384
317 6387
317 7275
265 386
265 710
265 1548
212 388
212 1814
212 4162
190 389
190 644
190 2770
237 391
237 1464
237 6506
262 392
262 1088
262 1454
279 395
279 501
279 5012
253 396
253 403
253 652
253 1485
253 3072
308 397
308 3098
308 5789
308 8496
211 401
211 718
399 404
399 700
399 1318
399 1906
399 4184
241 405
241 638
241 1415
241 1776
350 407
350 4746
350 6396
350 7007
377 410
377 488
377 1639
401 412
401 562
401 567
401 574
401 752
401 2843
401 6337
401 8311
111 416
412 418
412 2654
172 421
172 2113
172 3032
172 3907
172 5611
81 423
81 1250
81 4995
81 9978
105 425
105 2082
105 4187
105 4365
302 426
302 806
302 1180
302 1730
302 3996
302 5052
266 428
266 2893
266 5588
374 429
374 598
374 1875
363 433
363 516
363 6411
310 435
415 436
396 437
396 590
396 1555
396 1984
396 4977
396 7121
322 440
322 477
322 525
322 617
322 965
322 3273
209 442
209 725
209 882
209 2243
405 448
405 1161
405 2725
405 8724
193 449
193 1612
193 5628
193 7357
193 9001
432 451
432 686
432 3277
432 4277
432 7404
432 9440
432 9836
47 452
47 1127
47 1664
47 1974
47 6327
234 453
234 2768
292 454
292 678
292 1146
292 3582
292 7153
314 456
314 4998
423 457
423 954
423 1170
423 5096
440 461
440 845
440 3440
440 4090
440 6525
440 8347
95 462
95 476
95 1452
95 6288
95 9335
325 467
325 549
325 1148
388 472
388 1494
388 2274
388 2308
388 2672
388 2694
388 8435
362 475
362 1576
362 2514
362 3857
362 4455
362 5035
362 6031
93 478
93 985
471 479
471 732
471 935
471 950
471 8489
446 481
446 1336
446 9119
419 483
419 3015
384 485
384 1938
139 486
139 1215
139 1571
139 2911
176 487
176 656
176 6878
26 491
26 746
26 1160
26 1785
26 1794
26 3028
429 495
429 3160
429 4232
429 4501
429 4641
429 4666
283 496
283 595
283 1917
283 2439
417 498
417 853
417 2973
417 3391
443 499
443 2679
443 4974
255 504
255 1506
255 7849
255 9615
242 505
242 2001
242 2212
242 2959
242 9694
502 506
502 929
502 6633
479 509
479 728
479 1508
479 3865
447 510
447 5520
447 8013
319 511
319 1379
319 4960
406 512
406 893
406 1057
406 3194
463 513
463 1178
463 9760
451 514
451 568
451 824
451 1734
451 3458
451 9734
101 517
101 894
101 995
101 1765
101 5483
286 519
286 597
286 5005
397 520
397 3348
519 521
519 1096
519 3372
519 3908
519 4822
519 6629
457 526
457 587
457 2244
457 2648
457 7310
110 529
110 575
110 1209
267 530
267 1112
267 2988
267 3049
267 7881
267 9569
492 531
492 3631
441 532
441 2979
441 3522
484 533
484 675
484 1313
484 2541
484 2674
484 5373
329 534
329 582
329 674
329 733
329 2286
329 3280
329 3325
329 8158
465 536
465 1292
465 2015
465 7757
465 9171
461 538
461 6277
278 539
278 1062
252 542
252 581
252 706
252 1118
252 2382
252 5478
252 7897
72 543
72 1256
72 3968
533 544
533 576
533 592
533 744
533 1496
533 1831
533 2691
533 8339
512 546
512 781
512 1483
512 8074
249 548
249 572
249 734
249 796
249 1097
249 4395
370 552
370 1763
370 2058
370 2297
370 3324
438 554
438 874
235 555
235 859
235 8458
113 556
113 3861
113 7971
113 9695
535 557
535 1172
472 558
472 561
49 559
49 599
49 1119
49 1270
49 2727
49 3765
49 4640
213 560
213 802
213 963
382 563
382 577
382 2741
345 564
345 660
345 1758
345 2136
345 3613
345 5420
347 565
554 570
554 2751
554 3233
554 5874
554 6190
554 8653
260 571
260 658
260 1046
260 4318
478 579
478 2145
478 8899
468 584
468 637
468 918
468 4194
468 6255
360 585
360 3661
360 8859
360 9576
35 586
35 1533
35 1863
35 2098
514 589
514 3456
514 7337
272 591
272 1459
301 593
301 1851
301 2318
301 2601
301 3700
301 5103
301 7843
301 8615
294 600
294 1145
294 1980
294 2913
294 6892
294 9550
483 601
483 1935
336 603
336 779
336 1751
336 2114
336 2551
336 5687
285 604
602 605
602 1511
602 3459
565 606
565 3331
565 4339
565 9373
232 607
157 609
157 1001
157 1491
157 3081
157 5290
239 610
239 2032
239 2147
239 2225
239 4735
181 611
181 1809
181 2596
181 3229
326 612
326 1189
326 1500
326 1505
326 2511
326 2743
326 5159
240 613
240 3792
371 614
371 1675
371 7451
603 615
603 635
603 2448
520 616
520 715
520 1499
520 5686
136 618
136 897
136 1351
136 1942
136 4552
136 7494
459 619
459 940
459 2162
459 3376
246 623
246 1004
246 2128
246 2189
246 8759
246 9754
220 626
220 1010
220 1952
220 3994
605 627
605 3902
605 7567
605 9545
229 628
229 1035
229 2208
229 3694
167 629
167 854
167 3140
167 4062
582 631
582 1337
582 1749
582 3094
572 634
572 1406
572 2441
522 636
522 1987
522 4082
522 8253
606 639
606 870
606 1883
353 640
353 753
353 2537
353 5648
353 6849
351 641
351 1603
534 642
534 4867
534 9946
466 645
466 1038
466 1138
466 5670
427 647
427 1169
427 1480
427 2844
427 6225
540 650
540 716
540 7222
570 653
570 1190
570 1271
570 1766
570 2158
570 3906
570 9291
295 654
280 659
280 5342
280 8848
588 662
588 805
588 1525
588 3040
588 5388
395 663
395 671
395 712
395 833
395 1393
395 3449
497 664
497 1982
497 6176
549 665
549 2547
653 668
653 6532
645 672
526 673
526 981
526 1471
526 2339
526 5199
221 676
221 702
221 2405
221 2553
387 677
559 681
559 828
627 682
627 5853
627 7880
205 683
205 1637
205 2850
205 3344
380 684
380 4231
380 4676
380 5928
380 6580
500 687
500 719
500 1298
500 1321
500 1451
500 4463
498 688
498 1080
498 3430
543 692
543 766
543 815
543 1522
543 2433
543 3347
77 693
77 6292
577 695
577 7144
631 696
631 1362
631 2457
631 5179
631 5437
586 697
586 1304
323 698
323 2676
323 5970
323 6409
323 8437
323 8632
690 699
690 5497
368 701
368 3539
368 4628
368 9300
652 703
652 1643
652 5183
456 705
456 888
456 977
456 1609
456 2832
407 707
407 5359
407 9211
638 709
638 1462
638 1743
638 2636
638 3998
638 4929
619 717
619 4417
619 8326
298 721
298 1175
298 1309
367 723
367 785
367 3226
367 3686
389 724
389 1445
389 5191
704 726
704 5998
372 727
675 729
223 735
223 1769
223 4002
394 739
394 877
394 1532
394 4092
394 4099
394 5241
490 741
490 5602
537 742
537 771
537 4627
639 743
178 745
178 2539
178 2554
178 4870
149 748
149 6569
670 749
670 1919
670 2024
670 2130
670 2399
670 2827
670 4716
630 751
630 1762
630 1852
507 754
507 1803
507 2466
507 2731
433 755
433 2127
433 3481
431 756
431 1131
281 757
281 2165
715 758
715 7798
564 759
564 879
564 3320
564 3356
564 9759
469 760
469 1615
491 761
491 1540
491 1572
491 8514
528 762
528 2467
528 7737
138 763
138 941
138 2984
622 767
622 855
622 1583
622 1588
622 2935
622 6079
445 768
445 3563
445 5438
354 769
354 2780
354 6722
354 6952
686 772
686 933
686 4785
170 773
170 1479
170 3398
170 3419
759 774
759 1453
759 4680
659 776
659 967
659 978
659 1069
435 777
435 1690
435 2449
435 2465
435 3034
435 3716
547 782
547 1541
547 3295
745 783
701 784
701 1986
462 790
462 1083
462 1378
462 5363
462 6638
462 7283
462 9309
261 791
261 841
261 9972
692 792
692 1705
791 793
791 1513
791 1887
791 3078
763 795
763 847
763 4685
710 797
710 1885
710 3256
271 798
271 899
271 2507
271 2947
430 799
430 1908
430 2097
430 3701
430 5624
751 800
751 1473
737 801
762 803
762 902
790 807
790 863
790 1404
790 3566
790 7212
790 8454
633 809
633 6581
259 810
259 1021
259 1049
259 1564
259 2348
259 2421
259 3303
647 811
647 907
647 1466
647 2627
647 2892
475 812
475 1455
475 4945
420 813
420 1663
420 5404
420 5723
470 814
470 1782
334 816
334 1365
334 2151
334 2510
334 6548
334 9678
717 817
560 819
560 2385
705 820
705 3652
705 8076
729 821
729 2474
729 7080
669 825
669 889
400 826
400 843
400 976
400 983
400 1327
400 2641
723 830
723 986
566 831
566 1600
566 6069
566 6874
672 832
672 3131
629 835
629 1157
629 1822
629 3570
821 836
821 860
821 1048
821 1100
640 839
640 4529
738 844
738 939
738 1821
731 846
731 1724
731 2376
731 7641
663 848
663 964
663 1334
663 1377
663 2025
307 849
307 1345
408 850
408 1717
337 851
337 3096
337 6303
337 6827
337 8209
225 856
225 1253
225 1846
225 2564
225 2740
225 4794
688 858
688 1622
688 3177
688 3879
688 7522
129 861
129 2117
129 2355
129 6887
129 7106
689 862
689 900
689 5250
689 6326
689 6741
697 866
697 6678
510 875
510 2635
510 5289
510 9438
318 878
318 2954
598 881
598 1702
598 2839
598 3116
550 883
550 926
550 3292
591 884
819 885
819 2061
819 2387
819 2491
881 886
881 1515
881 1740
881 2277
881 2301
881 3301
881 4456
881 7354
881 9608
147 890
147 1456
147 2931
147 3552
147 7714
147 7954
804 891
804 1064
804 3666
355 892
355 1898
355 5777
611 895
611 3142
611 5108
611 7372
611 8728
359 898
359 906
359 1382
359 1432
359 3378
359 4267
831 901
831 3606
831 8095
553 903
553 1070
553 2894
402 905
402 6469
402 6748
615 908
615 1399
615 8319
683 910
683 5208
683 6192
683 9029
755 911
755 4134
699 913
699 931
699 1254
699 5072
802 914
802 1047
802 1261
802 2581
802 5519
802 8124
341 915
341 3308
561 916
561 1179
561 1407
722 917
722 1107
722 2018
722 2736
722 2903
687 919
687 7679
624 920
624 1507
624 2545
624 6077
861 921
861 3260
861 3379
861 4106
861 4179
567 924
567 1849
567 5026
567 5603
495 925
495 1043
495 6925
562 928
562 1229
562 3496
613 934
613 951
613 7422
613 8794
333 938
333 4726
494 942
494 7579
516 943
516 2363
516 6921
527 944
527 1297
527 1367
527 5397
527 8262
518 945
518 1232
518 1249
518 6059
854 947
854 4168
218 949
218 1739
218 3045
218 8346
885 955
885 1967
885 3240
885 8093
787 957
787 6332
787 6598
787 8725
277 958
277 3300
277 4782
277 6611
277 7072
895 960
868 961
848 966
848 7590
756 968
756 1220
756 4737
756 7312
756 7525
756 8560
937 969
937 1472
937 5895
937 9073
937 9717
182 970
182 996
182 4358
182 8569
860 971
860 2282
860 2536
860 9228
870 973
870 2075
803 974
803 975
803 1625
392 979
392 2444
392 6394
392 8745
632 984
632 6178
632 7078
216 987
216 1142
216 4853
774 988
774 5384
774 8824
921 989
590 990
590 1006
590 1155
590 4766
590 7006
785 991
785 1412
785 1662
785 9172
785 9424
250 993
250 6216
379 994
379 1273
379 1624
379 2772
379 4180
379 5459
696 997
696 2099
696 2875
696 3007
696 9018
740 998
740 5278
740 8085
912 999
912 1276
912 1300
912 1753
912 2411
912 2469
947 1007
947 5622
947 5892
893 1008
893 1694
893 7784
958 1009
958 3318
958 3786
932 1011
932 1279
932 2202
932 3190
932 5259
918 1012
918 4331
918 4485
918 4754
918 5954
794 1013
794 1266
794 1535
794 1910
794 3933
734 1014
859 1015
859 7100
859 7653
894 1017
894 2991
894 4705
541 1018
541 1065
541 1703
541 4566
558 1020
558 1460
558 1467
558 2088
558 7258
969 1022
449 1025
975 1026
905 1028
905 1158
808 1030
808 2031
808 8833
961 1031
961 3337
897 1032
897 1059
897 5779
792 1033
792 1706
792 4830
926 1034
926 2752
926 4097
926 5568
967 1036
967 1440
967 2338
967 4045
316 1037
930 1039
930 2685
930 3531
930 3548
930 6136
896 1040
896 1098
896 2349
896 8646
1023 1041
1023 1972
1023 3170
1023 3271
1023 4047
1023 7898
1023 8535
1023 8666
725 1044
934 1045
934 2739
934 3564
934 8096
713 1051
713 1894
871 1053
871 5308
887 1056
887 2573
887 3590
887 4496
887 9562
1021 1058
1021 1090
1021 1553
1021 3880
1021 5203
681 1060
681 6961
600 1063
600 3125
866 1066
866 3462
1057 1067
1057 2141
1057 6122
1057 9484
385 1068
385 1629
385 3664
385 5696
904 1073
904 1676
904 1999
904 2402
904 2416
904 2825
245 1074
1049 1075
1049 5016
503 1076
503 1340
503 5224
503 6440
503 6686
1016 1077
1016 1086
1016 3309
607 1078
607 2310
607 7993
607 9419
707 1079
707 9104
296 1081
296 2174
296 6132
863 1082
863 1573
863 1747
863 4325
863 5839
1018 1084
1018 1121
1018 1303
1018 2657
1018 3739
1018 4736
1034 1087
1034 1721
1034 2481
917 1089
917 1144
917 1493
917 2331
917 5548
270 1094
270 1277
270 2613
346 1095
346 1188
889 1099
889 2783
458 1102
458 1761
458 7005
454 1103
454 1104
454 2803
454 4245
1053 1105
1053 1850
1060 1106
1060 2023
1060 2413
1060 3367
1060 9098
303 1108
303 3501
1044 1109
1044 1167
720 1111
720 1258
720 1356
720 3397
720 4851
720 7490
1070 1113
1070 1866
1070 2063
1070 2195
817 1114
988 1115
988 1911
988 2266
988 3111
988 6197
988 6220
988 6855
814 1116
814 2619
814 2645
814 2897
814 4283
814 4356
1112 1117
1112 1927
1112 2775
1112 2995
1112 4072
1083 1122
1083 1301
1083 2815
1083 7672
62 1123
62 1416
62 1971
62 2048
62 2942
62 3813
62 6566
1077 1124
1077 1251
1077 2134
1077 6604
1077 9938
702 1125
702 1795
702 4835
702 6373
594 1130
594 2256
1102 1132
1102 2315
1102 2370
765 1133
765 1647
765 3310
765 5120
741 1135
741 3530
741 3579
746 1136
746 1233
746 4223
875 1137
875 3828
544 1139
544 2053
381 1140
381 1598
381 1837
381 6207
948 1141
948 1527
948 6817
833 1143
833 1501
833 5896
833 6033
833 6954
410 1147
1071 1149
1071 1853
1071 4678
1071 7551
1071 9059
393 1150
393 3457
684 1152
684 1939
801 1153
801 1282
801 3143
801 3762
801 5549
714 1154
714 1943
714 1993
714 2708
1019 1156
1019 1317
1019 1653
568 1159
568 1193
956 1162
956 1614
956 2118
956 4262
956 5914
998 1163
998 1634
998 3677
940 1164
940 1823
940 2565
677 1165
779 1166
779 1294
779 4775
849 1168
635 1171
635 8023
411 1173
467 1174
467 1558
467 1589
467 2352
467 3027
837 1176
837 1566
837 1819
837 1882
837 2353
761 1177
933 1181
933 1204
933 2801
933 3232
933 6639
1137 1182
835 1183
835 8460
835 9496
976 1185
976 1729
976 9273
581 1186
581 2073
1011 1187
1011 4753
650 1191
650 1311
650 1997
373 1192
485 1194
485 5601
485 7109
485 9692
1096 1195
1096 1413
1096 2766
1096 8644
812 1197
812 3924
812 4067
812 4910
511 1198
708 1202
708 2183
455 1203
455 1264
455 3002
455 5451
455 6801
455 9422
425 1205
425 2035
425 2473
425 2882
425 3262
425 4451
425 9834
1144 1206
1144 3977
1144 4466
1144 8480
679 1207
679 3651
413 1208
413 5581
1153 1210
1153 5113
426 1211
1113 1212
1113 9093
625 1213
625 1864
625 2788
805 1218
935 1219
935 1387
935 2408
935 4824
935 5131
935 8150
618 1221
618 2293
1128 1222
1128 2309
1128 3830
1128 6186
1194 1223
1194 1422
1194 2359
1194 3339
1194 3904
1194 5098
777 1224
879 1225
879 1996
879 2718
879 2756
1064 1226
1064 3561
1064 4007
1064 4464
1064 8497
1170 1228
1170 1435
1170 7760
1170 8513
1203 1230
1203 7917
1111 1231
1111 1539
1111 2188
1111 2426
1111 3114
1111 4546
1111 6354
311 1234
311 1286
311 8055
991 1235
991 4396
991 7441
995 1236
995 1310
995 7991
807 1237
807 1353
807 2663
807 3737
807 3931
365 1239
365 1735
357 1242
357 3612
357 4305
357 4682
357 5099
1176 1243
1176 1458
1176 5863
1117 1245
1117 1269
1117 2187
1117 6095
1000 1246
1000 3174
1000 3204
1000 3750
1000 3851
1000 9904
59 1247
59 3332
555 1248
555 2070
555 2166
555 3065
555 4158
1244 1252
1244 7753
1249 1255
872 1257
872 5333
32 1259
32 7808
529 1260
529 6465
858 1262
858 4756
858 5104
641 1263
641 2027
641 3583
793 1265
793 2334
793 4219
1059 1267
1059 3104
1059 7375
855 1272
855 2110
855 5255
855 6085
951 1274
951 1417
951 1488
951 2234
951 2367
951 4257
951 9262
1272 1278
1272 2239
1272 2272
1272 2910
908 1280
908 1434
908 2105
841 1281
1039 1283
1039 2397
1039 5329
151 1284
151 2786
151 6481
418 1289
418 4572
320 1290
320 1673
320 2263
320 6401
320 8063
673 1291
673 1568
673 1595
673 4559
1241 1293
1241 2154
1241 3251
924 1295
924 1370
924 2068
424 1299
424 1801
424 1994
424 5422
869 1302
869 4863
200 1305
836 1306
836 1696
836 2109
1159 1307
1159 2424
1159 7177
1159 9319
1159 9585
599 1308
599 9649
1166 1312
1282 1314
1282 2106
1282 6491
569 1315
569 5041
569 6391
569 7467
569 8229
1226 1316
1226 1654
1226 3305
749 1319
749 3936
749 4614
749 6053
749 8314
654 1320
654 1328
654 2294
654 2794
654 4561
654 5170
654 6160
604 1322
604 1810
604 3751
604 5578
604 8550
1068 1324
1068 2810
1068 8792
1291 1325
1291 2238
583 1326
583 2383
583 2714
583 4337
1150 1329
1150 5455
228 1330
228 6248
1307 1331
1307 2432
1307 2459
1307 3653
1307 4959
571 1332
571 1414
571 2726
571 3484
571 6743
846 1333
846 2869
846 4118
846 7565
846 8180
719 1335
719 1361
719 1396
719 2789
719 6931
1148 1338
1148 1425
1148 1476
1148 6406
845 1339
845 2312
845 6302
1289 1341
1289 1826
1289 2498
1289 2750
1289 8715
1174 1342
1174 1889
1267 1343
1267 9216
1177 1348
1177 1410
1177 2065
1177 3428
1130 1350
1130 5304
1130 9297
809 1355
809 2866
1149 1357
1149 3855
1149 5348
1149 8278
771 1358
839 1360
839 1477
839 5268
839 6458
573 1363
573 2877
573 3403
573 3500
992 1364
992 3824
992 5796
358 1366
358 2337
358 5859
358 9439
464 1368
464 4695
1003 1369
1003 4453
916 1371
916 9866
1227 1372
1227 1635
1227 3374
1279 1373
1279 5987
1191 1374
1191 2201
1191 5058
1191 7381
1283 1375
925 1376
925 1992
925 2753
925 5019
551 1380
551 2762
551 8318
1330 1383
1330 1756
1330 2067
1092 1384
1092 1438
1092 1981
1092 5401
1092 8195
179 1385
179 2366
179 3618
179 5514
1228 1386
1228 3219
1228 8298
1105 1389
1105 4993
1105 6484
1041 1390
1041 1995
1041 5571
1081 1391
1345 1394
963 1395
963 1562
963 7211
375 1398
375 2398
1098 1400
1098 7209
1172 1401
1172 4271
1172 4647
1342 1403
1342 1570
1342 3580
352 1409
352 2159
352 3984
352 4258
352 4423
682 1411
682 1805
682 2458
682 2665
1008 1418
1008 1559
1297 1419
1297 2047
1297 2237
1297 9032
1351 1420
1351 3963
818 1421
1401 1423
1401 8543
203 1426
203 1921
203 2980
1311 1427
1311 1560
1311 6054
1304 1428
1304 1487
1304 1806
1304 2830
1405 1430
1320 1431
1320 1526
1320 4175
1320 4217
1320 7131
1014 1433
1014 2640
1014 8806
1027 1436
1027 1439
1027 7893
1027 8045
1027 8927
676 1437
539 1441
539 2513
539 6691
1324 1442
1324 6250
1302 1443
1302 2653
1327 1444
282 1447
282 3145
282 3999
850 1448
850 2269
850 5745
770 1449
770 1771
770 2129
770 2555
770 3847
770 4852
770 8395
770 8637
574 1450
574 1543
574 8863
1285 1457
655 1461
655 1788
655 3129
655 4580
655 6126
736 1465
736 2982
736 3090
736 6241
736 7064
856 1468
856 4362
856 7601
800 1469
800 4898
1175 1470
1175 3929
1084 1474
1084 2813
1084 7341
452 1475
452 2345
452 4953
452 5639
1468 1478
1400 1482
1400 3008
1400 9425
1411 1484
1411 9483
795 1486
795 4215
1204 1489
1204 4460
1373 1490
1373 4435
1373 5566
597 1492
597 2923
597 7979
1067 1497
1067 3858
1067 5391
421 1498
421 5629
421 6407
390 1503
390 1793
796 1504
796 2588
796 7523
796 8688
865 1509
1240 1510
1240 2785
824 1512
824 3206
824 5884
668 1514
668 2646
668 6315
1494 1518
1494 2829
1494 3670
1494 4109
1242 1519
1242 1604
1242 1640
1242 3113
1242 7256
1210 1520
1210 4713
1167 1528
1167 2252
1167 7342
1368 1529
1365 1530
1365 5995
1365 7574
1393 1531
1393 2275
1393 4709
616 1537
616 4688
1453 1538
1453 5210
1407 1542
1407 6314
1407 7731
989 1544
989 5046
989 7844
1513 1545
1513 2632
1513 5180
750 1546
750 1899
750 3480
750 9786
1024 1547
1024 2144
1024 3586
305 1549
305 4439
1255 1550
1255 4387
1255 9831
1529 1551
1529 1914
376 1552
1325 1554
1325 2644
1308 1556
1308 2881
1308 3146
1308 6648
1437 1561
1437 7180
1437 8235
773 1563
773 3424
773 5676
773 5891
945 1565
1192 1567
1192 2932
1192 3975
644 1569
644 2211
644 9004
883 1577
883 1829
883 5533
883 8487
883 9698
752 1579
752 8046
743 1580
743 2371
743 2692
743 3499
743 9900
1388 1581
1388 3351
1185 1582
1436 1584
1436 1929
1436 2153
1436 3973
1436 7969
1436 8149
1508 1585
1508 2191
1508 2975
1508 4538
1421 1586
1421 2171
1421 3476
545 1587
545 1592
545 1700
1527 1590
1527 3317
1553 1591
1553 5948
501 1593
501 1950
1534 1594
1534 2849
886 1596
695 1597
695 3818
695 4413
1120 1601
1120 2138
1363 1606
1363 1772
1432 1607
1432 4145
1432 4585
1432 5435
1573 1608
1573 8106
760 1610
760 2226
760 4098
760 7829
1417 1611
1417 2807
1417 9642
369 1613
369 2557
369 3442
1511 1616
1511 2041
1511 3591
1152 1617
1608 1618
453 1619
1554 1623
1554 5523
1554 7994
1140 1626
1140 2003
1140 3026
1140 4038
1230 1627
1230 2597
1230 8101
1056 1632
1056 2311
1056 3161
1056 5256
1056 7113
1434 1636
1455 1638
1455 1858
1455 1958
1455 8763
1138 1642
1138 8515
1601 1644
1601 4482
1601 4834
728 1646
728 2056
728 3925
1002 1648
1002 2443
754 1650
754 4506
754 6457
864 1651
864 6846
798 1652
798 2193
1224 1655
1224 2160
1224 3239
1224 4037
1015 1656
1015 3033
1015 4889
1157 1657
1157 4659
813 1658
813 2625
1080 1659
1080 2306
1211 1660
1399 1665
1399 1799
1399 4934
1482 1668
1482 1825
1482 2007
1482 2261
1482 2462
1482 8307
1482 8746
862 1669
862 3506
862 4555
1239 1670
1239 2598
1239 4734
1239 8276
505 1671
505 5063
505 6111
505 9679
1649 1672
1649 2224
1649 3533
1649 6259
1649 7469
1649 9809
1180 1674
1180 5318
1252 1677
1329 1678
1186 1679
1186 7966
1062 1680
1062 5771
698 1681
1037 1683
1037 2702
1247 1685
1247 1989
928 1686
928 2519
928 4159
1677 1687
1196 1688
1196 3275
264 1689
264 2446
264 8559
1115 1691
1115 2806
1115 7102
952 1692
952 2985
952 5110
952 5462
952 5821
952 6001
952 6824
1585 1693
1585 3035
1585 4595
1585 5888
1585 7339
1471 1695
1471 3525
1471 4081
1471 4558
1481 1697
1481 1713
1481 2720
1481 3112
1613 1698
348 1699
348 5792
348 7448
477 1701
477 6155
1377 1704
1377 2194
1377 7414
1377 7964
1088 1707
1088 2094
1088 2970
1088 3137
1088 6587
1088 7831
1088 9489
1195 1708
1545 1709
1545 1733
852 1710
852 5031
691 1711
691 6298
691 8401
892 1714
892 2939
892 6350
892 8765
1264 1715
1264 4673
1264 6145
1264 7506
1475 1716
1475 3721
1454 1719
1454 4757
1454 6815
1454 7018
287 1720
287 1842
287 3957
287 7779
955 1723
955 1736
955 2346
955 7695
955 8956
726 1725
726 2711
726 3632
1604 1726
1604 3843
1423 1727
1423 3152
1423 3175
1423 4011
1427 1728
1427 4259
1668 1731
1668 1779
1668 2050
1668 3934
978 1732
978 9656
1540 1737
1540 2271
1540 4250
1540 4374
593 1738
487 1741
487 2080
487 2618
1658 1744
1658 2837
1658 3759
1658 7202
888 1745
888 2607
888 7278
1623 1746
1623 3021
1623 5378
1440 1750
610 1754
610 2126
610 2944
610 3954
610 6610
857 1755
857 1872
857 2800
857 6012
857 8845
1560 1757
1560 3724
1560 3889
1560 6863
1560 9859
1687 1760
1687 2388
1143 1764
1143 2488
1143 3715
1742 1767
1742 7903
1087 1768
1087 7051
1087 9508
1489 1773
1489 4748
1489 5430
1489 9897
601 1774
1284 1775
1657 1777
1657 3709
1657 7785
1078 1780
1078 3840
1780 1781
1688 1783
1688 2603
1688 2996
1688 8201
1688 8414
1773 1784
1773 8861
621 1786
621 3046
621 3276
621 7511
621 8012
1334 1787
1334 3627
1334 4478
1334 6052
739 1789
739 6222
996 1790
996 7172
1214 1792
1214 7491
979 1797
1438 1798
1438 8915
482 1800
482 3306
117 1802
117 3085
117 3767
117 9563
1250 1808
1250 3082
1250 6273
1250 6899
1409 1811
1409 4079
815 1813
315 1816
744 1817
1666 1818
1666 6357
666 1820
666 4133
1650 1824
1650 6765
1714 1827
1714 2020
1714 3248
1588 1830
1588 3252
775 1832
775 2501
775 5630
1789 1833
1516 1834
1516 2357
1516 6254
1695 1835
1695 4155
1695 4218
1695 6483
434 1836
404 1838
404 1922
1538 1839
1538 1856
1538 2131
1121 1840
1121 8474
1474 1841
1474 3086
1474 4148
643 1843
643 9188
1225 1844
1225 3406
1502 1845
1502 2206
1502 3877
1349 1847
1349 3451
300 1848
300 2409
1234 1854
1347 1857
1347 2494
1347 5783
1637 1860
1637 5870
1812 1861
1812 5503
1257 1862
1257 4584
1257 5689
1257 5770
1257 9578
146 1865
146 3041
146 5558
146 9349
1609 1867
1609 2686
1609 5827
1006 1868
1006 5078
1006 6005
1630 1870
1630 2245
1630 3284
1630 4253
1838 1873
1690 1874
1690 5922
1391 1876
1391 2168
1391 8413
1125 1877
1125 2103
1125 4303
1717 1879
1717 2871
548 1881
1562 1884
1776 1886
1776 7324
1776 9061
1672 1888
1672 4246
851 1890
851 2570
712 1891
712 1928
712 2476
712 3692
712 3755
1808 1892
1808 1988
1808 2965
1808 4883
1350 1893
1350 5762
1146 1895
1146 5553
1146 8174
1146 9651
1237 1896
1237 2497
1237 3254
496 1897
496 2000
496 6490
1772 1901
823 1903
1367 1904
504 1905
504 2241
1531 1907
1831 1912
1831 3024
1831 5105
1831 7320
1831 8361
1119 1915
1119 5171
1119 6683
614 1916
614 3156
614 4531
614 7279
1680 1918
1680 2410
1680 2428
1680 3982
1680 4433
1680 5361
1680 6872
1718 1920
1333 1924
1333 2811
1333 8881
1236 1925
1236 8951
1236 9329
1236 9941
906 1926
906 5772
1313 1930
1313 2728
899 1931
899 4605
1880 1932
1880 4237
1880 5263
1880 7615
1610 1933
1610 9851
911 1934
911 2247
911 4684
1497 1936
1497 2533
1497 4694
1497 5765
1396 1937
1396 4866
474 1940
474 3992
474 6977
489 1944
489 2423
489 2430
489 3119
489 3234
1270 1945
1270 3671
1270 6675
1162 1948
1162 3969
1162 4400
1162 8834
1127 1949
1127 8827
1444 1951
1444 4049
1444 5270
1075 1953
1075 5311
1075 7014
1075 8249
1075 8597
1821 1954
1821 2253
1821 8433
874 1955
328 1956
328 4340
733 1957
693 1959
693 1964
693 4752
693 8764
1498 1960
1498 2005
1498 2356
1602 1961
1602 5153
1460 1962
1460 2039
1460 2792
1460 2799
1546 1963
1546 3377
1362 1965
1362 4188
1648 1966
1648 3001
1648 4022
1648 5969
1085 1968
1869 1969
1869 2651
1386 1970
1386 2542
1386 2668
1386 8775
959 1975
959 3518
959 8248
1577 1976
128 1977
128 4738
1305 1978
1305 3454
1305 5158
1305 5769
1403 1985
1403 5577
1248 1990
1518 1998
1109 2002
1109 4739
1781 2004
1781 4006
1781 6986
914 2006
914 9553
1828 2008
1828 2471
1828 6262
1020 2009
1020 2381
1020 4144
1020 4897
1020 8402
356 2010
356 6539
523 2012
523 3487
523 5735
1702 2013
1905 2014
506 2019
943 2021
1165 2022
1165 2401
1165 2438
1962 2028
1202 2030
1202 4926
1202 5374
1952 2034
1952 3576
1952 5967
1466 2038
1466 3780
1466 6923
1466 7009
1826 2040
1826 8156
1493 2042
1827 2043
1827 2298
1827 7758
811 2044
811 2693
811 4137
1478 2045
1478 4938
1478 7562
1133 2046
1133 5321
1133 5327
1133 9236
1896 2049
1896 2365
1896 7054
1896 8598
1449 2051
1449 7317
563 2052
563 2292
563 2500
563 2969
1332 2054
1318 2055
1318 3123
1318 4073
1318 4668
1318 5667
1878 2057
1878 4085
1878 5112
556 2059
556 9307
1315 2060
1341 2062
1341 2504
1469 2064
1525 2066
1525 9060
1525 9379
1520 2071
1520 2389
1520 4366
1520 5142
2027 2072
2027 4877
1839 2074
1298 2077
1298 2116
1298 2172
1298 2390
1298 2771
1298 8142
1338 2081
1338 3200
1338 8829
1300 2084
1300 7598
1682 2086
1682 2240
1682 3425
1682 3434
797 2087
797 5427
797 8170
797 9289
1103 2090
1103 3187
1103 3217
1971 2092
1971 2412
2037 2093
1079 2095
1079 3617
1079 7098
1951 2096
1951 3319
1951 6747
1335 2100
1335 3068
1335 4019
1335 5490
1741 2101
1741 2637
1741 2915
1741 5230
444 2102
444 4583
612 2107
612 8092
1523 2108
1523 5188
1920 2111
1920 5554
1936 2112
1936 2865
1936 2886
1025 2115
703 2119
703 2629
703 3519
703 5091
703 5617
1892 2121
1892 3410
1892 5742
215 2122
215 3135
215 7603
414 2123
414 5029
1761 2124
1171 2132
913 2133
913 2818
913 3901
1848 2135
2130 2137
2130 2667
2130 8784
1596 2140
1596 4368
1425 2143
1425 6003
1425 7294
1221 2146
1221 6866
1907 2148
1263 2149
1263 2450
1263 4420
1263 6306
1263 8587
1424 2150
1424 2246
1424 2478
1424 5433
233 2152
233 3017
993 2155
993 2605
993 4534
993 6910
993 7163
1158 2156
1158 2380
1158 7539
1354 2157
2049 2161
2049 7335
1026 2163
1200 2164
1200 3157
1218 2173
1218 2577
2028 2175
1447 2176
1447 8257
1447 8692
2144 2177
2144 5209
2144 7556
2081 2179
2081 2709
2081 4261
2081 4386
2081 5883
1326 2180
1326 2520
1697 2181
1697 6687
493 2182
493 6533
2143 2184
2143 2231
2021 2185
2021 4060
2021 9238
1751 2192
1046 2196
2068 2197
2068 2313
2068 2735
1639 2198
2131 2199
2131 2840
2131 5036
2131 8532
1129 2200
1774 2203
1774 2590
1774 2707
1774 4052
1774 4523
1774 7384
931 2204
931 4132
786 2205
786 4683
786 8032
786 8102
1114 2207
1114 5886
1568 2209
1568 4319
1568 4770
342 2210
1653 2213
1653 2295
1653 3727
1653 6634
1435 2214
1435 2899
1435 4964
984 2215
984 5604
1704 2216
1704 3472
1704 6800
1054 2217
1054 3845
1054 5810
1359 2218
1359 3359
1484 2219
1484 2278
2126 2221
1066 2222
844 2223
844 2746
965 2227
965 3943
1413 2228
1413 2258
1413 4961
1413 5713
1232 2229
1946 2230
1946 5674
1946 9456
1442 2232
2127 2235
2052 2236
2004 2242
2004 4576
1040 2248
1040 2918
1040 7012
2063 2250
2063 2713
1376 2251
1376 8243
822 2254
822 2748
822 3773
1752 2255
608 2257
1288 2259
1288 2419
1288 3236
1288 7017
1100 2260
1100 2538
1100 4645
780 2262
780 2322
780 2705
780 3923
780 4769
1557 2264
1557 5749
1834 2265
1834 2589
1556 2270
1556 4643
711 2273
711 2887
711 5592
711 7722
1131 2276
1131 5798
1131 6607
1131 8679
1131 8903
1256 2279
1256 6156
2186 2281
2186 2659
2186 3745
2186 4855
1754 2284
1754 2303
1754 7801
658 2285
658 2374
2271 2287
2271 4057
2216 2288
2216 3414
2216 4424
1799 2289
1799 4805
2062 2291
1213 2296
2289 2299
2060 2300
2060 5607
2060 6913
2046 2302
1450 2304
1450 4744
2302 2305
2302 5746
1378 2307
1378 3417
1378 7301
2263 2314
2263 7303
1673 2316
1673 3178
1262 2317
1262 5507
1337 2319
1337 2526
1337 5906
735 2320
735 3199
735 3584
838 2321
838 9342
247 2324
2041 2326
2041 4636
1659 2327
1659 4674
1659 6992
1659 9948
2207 2328
2207 4840
781 2329
781 2436
1097 2330
1097 4913
1097 5392
1663 2332
1663 9752
1707 2333
1707 4619
2323 2335
2323 4888
1292 2336
1292 7025
1292 9049
2264 2340
1207 2342
1207 4414
1758 2343
1139 2344
1022 2350
1022 2738
1022 5466
1022 6402
2229 2354
2229 2846
2229 5143
2229 8563
2229 9126
1360 2358
1716 2360
1716 3012
1716 8423
973 2361
1856 2362
2268 2364
2268 5991
2141 2368
1787 2369
1787 3102
1787 3864
1787 3989
1426 2373
1426 3841
2059 2375
942 2377
942 3639
2282 2384
1937 2386
1937 2572
1937 2924
1937 4240
1937 6274
1319 2391
1319 5569
1319 7167
1319 7239
1558 2392
1558 4112
843 2393
843 2561
843 6034
843 7702
2217 2400
2217 2963
1591 2403
1683 2404
1683 6479
450 2406
450 5927
1686 2414
1836 2415
1532 2417
1532 5504
657 2418
1382 2420
1382 3486
1382 3899
1938 2422
986 2425
986 3211
986 3793
1906 2427
1906 2662
1906 5845
1906 7388
1555 2429
1555 8066
1555 8385
1678 2431
1678 5239
1678 6651
1678 9219
2373 2434
2373 4238
1886 2435
1251 2440
1251 2841
1251 4494
1251 5312
1251 7851
1979 2442
1979 3678
1979 8390
685 2445
685 4000
685 9008
1266 2447
1266 2761
1266 3675
1266 4438
2316 2451
2316 6283
2316 6841
1443 2452
1443 4519
1443 6562
1711 2453
1711 7265
1995 2454
1759 2455
1759 3258
1759 9610
1730 2456
1730 4448
2392 2460
2392 2901
2392 6707
2392 7206
2184 2461
782 2463
782 4150
782 9810
1512 2464
1512 6179
1512 7186
2337 2468
2337 3360
579 2470
579 5379
579 6008
153 2472
153 2550
153 2664
153 4488
153 4715
2382 2475
2382 8990
1942 2477
1942 4807
648 2479
648 3740
900 2482
900 5040
900 6243
2321 2484
2321 6542
2321 7673
1956 2485
1956 5690
1644 2486
1441 2487
1441 2660
2039 2489
2039 6926
2039 8100
1830 2490
1830 2529
1830 5706
1306 2492
1306 7526
1945 2493
1945 2838
1945 2920
1945 5403
1945 8709
971 2495
971 7376
1903 2496
2415 2499
2415 8224
2415 9787
1142 2503
1142 5911
1142 7353
1142 7413
1888 2505
1888 6308
1888 6654
1173 2506
1173 6850
1173 9478
718 2508
1899 2509
1899 2712
1899 5929
530 2512
530 3898
530 6413
442 2515
442 4147
2396 2516
2396 2580
2396 3162
2396 5301
2452 2517
1785 2518
1785 6263
378 2521
585 2523
585 7498
585 8704
2477 2524
2477 4520
2477 5282
2477 9070
2166 2525
2166 2938
2166 2962
2440 2527
2440 6166
2139 2528
2139 4228
2139 5580
2139 8897
1934 2530
1934 9088
2427 2531
2427 2578
1606 2532
1606 4741
2518 2534
1414 2535
2430 2540
2430 5444
2383 2543
2383 9371
1935 2544
1935 4849
1231 2546
1231 5013
2045 2548
2045 3736
2045 4505
2045 7199
1603 2549
1603 7173
1603 9520
1456 2552
1456 4502
1887 2556
1517 2558
1517 2819
1517 9644
2528 2559
2528 3121
2528 7645
1684 2560
1123 2562
2054 2563
2054 2763
2054 5218
2054 5830
1800 2566
1800 4962
2064 2568
1843 2569
1868 2574
1868 2868
1643 2575
1643 3674
2510 2576
2510 3322
2510 7407
1699 2579
1699 5836
1467 2582
2423 2583
2423 7486
2423 8293
768 2584
768 3667
1698 2585
1698 6075
1917 2586
1917 2936
1331 2587
1331 2983
2385 2591
2385 6620
1944 2592
1944 7164
953 2593
953 6845
953 9069
515 2594
1745 2595
2345 2599
1841 2600
1841 3640
2188 2602
2188 3136
2188 4088
2188 4876
2188 5879
920 2604
920 4543
920 5396
1507 2606
1507 4313
1507 4389
2509 2608
2509 3399
2509 5573
330 2609
330 3509
330 4341
330 4671
330 8925
2310 2610
2310 2862
2310 3577
2310 3645
1565 2612
1565 4686
1565 7896
1001 2615
1001 3912
1638 2616
1953 2617
1953 4895
1953 7497
2491 2620
2491 6563
1093 2621
1093 3647
1544 2623
1544 2859
1544 2930
1544 3003
1544 9769
1912 2624
1912 4813
1912 8018
2204 2626
2204 5454
1792 2630
1792 5634
1792 5806
1621 2631
1621 4637
1621 6594
1621 9242
1216 2633
1216 4138
2135 2634
2135 4021
1472 2638
1472 3420
671 2639
671 6613
671 8393
2242 2642
2242 4842
2242 6513
2242 6716
1515 2643
1515 3891
1515 4407
1515 6171
1470 2647
1470 2669
1470 6873
1169 2655
1412 2656
1983 2658
1983 3953
1973 2661
1964 2666
1179 2670
776 2671
788 2673
788 9854
674 2675
674 5805
674 7949
2494 2678
2494 3468
2278 2680
2426 2681
2426 3051
2426 8297
1094 2682
1094 3278
1094 4069
1094 6436
1094 6514
1094 9579
1689 2683
1689 3913
1689 5517
2387 2684
2387 2867
983 2688
983 2989
983 4599
2572 2689
2572 3494
2203 2695
2203 3883
2203 4886
2203 6928
2602 2696
2407 2697
2407 8099
1050 2698
1050 5685
1661 2701
1661 6100
1661 7227
1661 8730
1620 2703
1620 4799
1620 6217
2544 2704
2544 3839
2544 8030
2386 2710
2386 3055
2386 3859
2386 6000
2685 2715
2685 3108
2685 7520
2584 2716
2584 4808
2584 9206
1891 2717
1891 3183
1908 2722
1908 4667
1908 7807
1595 2723
1595 3159
1595 8702
1459 2724
1933 2730
1933 3475
1933 3896
1933 4282
1933 9633
1627 2732
391 2733
2372 2734
2372 3290
2400 2737
2400 6282
2400 7210
2713 2742
2713 9480
1784 2744
1784 3101
1631 2745
1631 3445
1631 6968
2621 2747
2621 3353
2621 5432
2621 6139
2621 8695
1870 2749
1870 4563
1696 2754
1696 3789
2212 2755
2212 7322
2212 9458
2318 2758
1136 2759
1136 4816
1949 2760
1949 3626
1949 6618
1949 8073
525 2764
525 4803
439 2767
1487 2774
1116 2776
2254 2777
1389 2778
1389 2779
1389 4917
1389 8254
2616 2782
2616 5537
2521 2784
1448 2787
1448 3164
1448 4948
1448 9050
2726 2790
1978 2793
1978 2896
1978 3247
1978 3529
661 2795
1141 2796
2456 2797
2456 6806
1572 2798
980 2802
980 6102
980 6519
1724 2804
1724 5244
1724 6084
2091 2805
2091 5939
2641 2808
2641 5510
2615 2809
2615 3802
2503 2812
2503 3871
2503 4730
660 2814
2058 2816
2058 4879
1051 2817
1051 4677
1051 8444
1051 8960
2593 2820
2593 9858
2157 2821
2745 2822
2745 4016
1628 2823
1628 5161
524 2824
1551 2828
1551 5205
1551 7974
828 2831
828 5452
828 6751
2093 2833
2093 4309
1569 2834
1357 2836
1357 3958
2744 2842
891 2845
891 7568
891 9401
2827 2847
1685 2848
1685 8332
538 2851
538 3184
538 3829
538 3993
694 2853
985 2854
985 4745
985 5972
985 6362
473 2856
2279 2858
1047 2861
1047 4326
1047 9201
2326 2863
2326 3995
2326 8676
1815 2864
1815 3366
1815 6830
1815 9492
2764 2870
2859 2872
2859 4554
2859 9961
1406 2873
1406 6962
2348 2874
2348 4393
2146 2876
2146 3185
2146 4430
1036 2878
1036 7305
2739 2880
2505 2883
2505 3025
2505 3166
2505 3938
1178 2885
1178 6329
1549 2888
1549 3534
1960 2889
1797 2890
1797 3139
1797 3665
1797 9493
1605 2891
2418 2895
2822 2898
2822 3138
700 2900
2309 2902
2309 3195
2309 5963
1972 2904
1972 3607
1972 5877
1564 2905
1564 3023
1564 4076
1564 5561
1928 2908
1928 6017
1662 2909
1662 4296
1662 4740
2753 2912
1259 2916
1259 4242
2014 2919
2014 7437
2676 2921
2676 5613
2395 2925
2395 3799
678 2926
678 4493
2879 2927
2879 4115
1576 2929
1576 2967
1576 8404
968 2933
968 7161
968 8097
968 9395
2807 2934
2807 3296
2622 2937
2622 3220
1825 2940
1825 3061
1825 7284
1782 2943
2414 2945
2175 2946
1533 2948
1533 4653
1533 5473
1533 7046
1626 2950
1626 7020
2816 2951
2816 3312
2816 8708
1429 2953
1429 3503
2164 2955
2164 5193
2164 5217
2164 6083
2164 8821
2405 2956
2405 7002
1061 2957
1061 5541
1061 8058
2820 2958
2820 5389
2820 8107
2053 2960
2053 3817
1611 2961
1611 7794
1985 2964
1985 5817
1924 2966
256 2968
256 3307
1857 2971
1857 3846
1857 6819
1700 2972
1700 4521
1700 4622
2502 2974
2502 3477
2888 2976
2888 3124
2888 4608
2767 2977
2767 3893
2767 5511
2746 2978
2799 2981
2799 4391
2705 2986
2705 5067
2705 6097
2705 6493
2705 6740
2205 2987
2205 3044
2205 3394
1806 2990
1806 6963
2596 2992
2596 3866
1458 2993
1458 7105
2429 2994
2429 3950
1947 2997
1947 5207
1893 2998
1893 3067
2946 3000
1719 3004
1719 4248
1275 3005
1275 7853
1275 9591
1492 3006
1492 4819
1163 3009
1163 7832
2444 3010
2444 4672
3001 3011
1570 3013
1570 6552
2007 3014
2007 5700
2007 6230
2482 3016
2482 3063
2482 7976
2482 8647
1873 3018
1873 5594
2911 3019
2911 4461
2911 6508
2019 3020
2019 3771
2019 6572
1541 3022
1219 3029
1219 3362
1219 4143
486 3030
3008 3031
3008 9640
1419 3037
1419 3106
1419 7541
3004 3038
3004 4050
1394 3043
1394 7977
662 3047
662 5450
662 7944
2092 3048
2092 3604
2092 7811
1522 3050
1522 3075
3010 3052
2287 3053
2287 4791
2645 3054
2645 9245
3015 3056
1233 3057
1233 4349
2651 3058
3014 3059
3014 8669
2856 3062
1729 3064
2133 3066
2133 4333
2089 3069
2697 3070
2682 3071
2682 5334
1535 3073
1723 3074
1723 3392
1723 5825
1499 3077
1499 4008
2890 3079
2890 4406
2431 3080
2431 4332
1408 3083
1408 3725
2094 3087
2094 6010
2094 8275
766 3088
2821 3089
2821 9218
2986 3091
2986 3722
2472 3092
2472 4216
2472 8304
922 3093
922 4214
922 5641
542 3095
542 8399
2370 3097
481 3100
481 4449
481 7777
3085 3103
3085 4817
3085 7827
3085 9599
2347 3105
2994 3107
2994 5642
1997 3109
1997 4124
1997 7382
2874 3110
2394 3115
2394 9007
938 3117
938 9396
938 9457
2339 3118
1731 3120
2454 3122
2454 3848
2119 3126
2119 3646
2119 7658
2462 3127
2462 4321
2462 7295
2008 3128
2008 5300
2272 3130
2776 3132
2776 4924
2776 5009
1154 3133
2934 3134
2934 4264
2934 4381
2934 6154
2934 8790
1881 3141
1881 4272
2939 3144
2963 3147
2963 4014
2378 3148
1188 3149
1188 5202
2920 3150
2714 3151
2714 3228
2714 3415
2714 5247
2714 8289
730 3153
730 3508
730 9014
2878 3154
2878 3903
2878 4394
2085 3155
2085 3223
2085 4205
2701 3158
2701 6980
1769 3163
1769 5659
2467 3165
2467 5116
536 3167
536 3974
2791 3168
2791 6247
2791 9149
1212 3169
1212 3562
939 3171
939 3439
939 6336
1622 3172
1622 5718
3066 3173
3066 6708
2973 3176
2973 5000
2973 5632
2973 7010
1793 3179
1793 6573
1793 8866
1645 3180
1645 5627
1645 8538
2434 3181
2434 4299
1235 3182
1791 3186
1791 4096
1674 3188
3099 3189
3099 6022
1727 3191
1290 3192
1479 3197
1479 3369
1479 4128
1269 3201
3192 3202
3192 4518
3199 3203
3199 5878
3199 6264
2025 3205
2025 5087
2025 5709
1182 3209
2781 3210
2781 8906
1660 3212
1660 3485
2210 3213
2210 4908
2210 6829
2210 8443
642 3214
642 4983
642 7062
2601 3215
2601 4027
2601 9777
2291 3216
2291 3432
972 3218
972 4084
972 4556
2915 3221
2915 3311
2915 6403
2495 3222
2495 9077
2796 3224
2796 9781
3026 3225
3026 3357
3026 3556
3026 6754
1798 3227
1798 8103
2285 3230
2285 6094
2993 3235
2993 5824
2002 3237
2002 5477
2002 6883
578 3238
578 3910
2975 3241
2975 3253
3053 3242
3053 4495
3053 7734
3053 8135
1913 3243
3126 3244
3126 4490
3126 5968
2633 3245
2633 3433
2633 3766
2589 3249
2589 4914
2583 3250
2583 8991
2583 9222
2916 3255
2916 3643
2569 3259
2569 5606
2375 3261
2806 3263
2806 3746
2806 7538
1902 3265
1902 3770
1201 3266
1201 6810
1340 3267
2652 3269
2594 3270
2594 3629
2594 6608
2594 6631
651 3272
651 7166
2468 3274
2468 9124
1693 3279
1693 4127
2208 3281
3139 3282
3139 5283
3139 5369
2102 3283
2390 3285
2390 3490
2390 6174
1850 3286
1850 7182
1850 8441
1850 9066
2244 3287
2244 4372
1655 3288
1655 4198
1655 6466
2172 3289
2172 3464
2172 4311
2172 8913
957 3291
957 7690
2290 3293
2290 6795
2290 7037
3038 3294
3038 4827
3148 3297
1851 3298
1369 3299
1369 4692
2936 3304
2936 6991
960 3313
960 4868
2587 3314
2587 6462
2771 3321
2771 4621
2029 3323
2029 4170
2001 3326
2001 5343
2001 7343
727 3327
2917 3328
2917 3443
2917 3909
2917 8499
1189 3329
1189 3691
1189 5658
1189 8227
2506 3330
2694 3333
2694 6024
2933 3335
2933 5733
596 3336
596 4875
596 8459
2678 3338
2678 4213
716 3340
716 3723
2137 3341
1965 3342
1965 6224
1965 9916
2884 3343
2458 3345
2458 6113
778 3349
778 4467
778 5860
206 3350
2191 3352
2311 3354
1943 3355
2693 3358
1984 3361
1984 5875
617 3363
1950 3364
3147 3365
3147 8335
2604 3368
2604 4252
1981 3370
2404 3371
2404 4747
2404 7309
1035 3373
1035 5946
1618 3375
1618 6626
1618 7392
2274 3380
2274 7906
2274 8169
2274 9231
2624 3381
2624 7432
2547 3382
2547 4696
1495 3383
1495 8172
1495 9113
3187 3384
3187 4999
1809 3385
1809 4160
1809 4626
1809 4675
1809 6881
1809 8944
827 3386
827 9263
1852 3388
1852 4191
1852 5945
1852 7791
2163 3389
1303 3393
1303 8428
2232 3395
2232 6475
1323 3396
1323 4025
1323 5586
1323 7529
1461 3400
1461 5645
1967 3401
1967 4094
1967 5166
3154 3402
3154 3635
3154 8849
2312 3404
1147 3405
1147 5298
3149 3407
3149 8655
2240 3409
2240 6826
2240 9476
2355 3412
2355 6014
2355 9433
3034 3413
3034 3641
3034 5020
531 3416
531 5842
3333 3418
1969 3421
1969 9927
2257 3423
2257 6107
2257 7728
2257 8121
2899 3426
1271 3427
2882 3429
366 3431
2810 3436
2810 4508
2810 6199
2810 8270
2810 9137
3110 3437
3110 3559
3110 5272
3110 5703
3110 8761
2317 3441
2317 4687
2317 6789
2942 3444
2942 7480
2942 8081
2942 9687
3386 3446
3386 4468
3009 3447
3020 3448
3020 5146
3020 7044
3020 7882
3020 8838
2987 3450
2476 3452
2476 8315
2966 3453
2966 4431
2966 5057
3404 3455
3404 4826
3404 5899
2330 3460
1500 3461
1500 5385
3373 3463
3373 7418
2148 3465
2148 6697
2148 7618
3336 3466
1439 3467
1439 6547
2789 3469
3157 3470
1832 3471
3215 3473
3215 5383
3215 7455
3215 7972
2162 3478
2162 5651
2162 5672
2162 6791
2162 8652
1822 3479
2579 3482
2579 4458
2579 7300
2950 3483
1430 3488
2307 3489
2307 3507
609 3491
2026 3492
2026 9120
1480 3493
1480 5070
1807 3495
1807 6346
2623 3497
2623 3697
2623 6073
2623 6901
2588 3498
2588 5725
65 3502
3459 3504
3459 4284
3459 6437
3459 9937
2178 3505
2178 6637
2354 3510
2354 6133
2707 3511
2707 3603
3095 3512
3095 7859
2189 3513
2189 6851
2189 7535
1855 3514
1855 3682
1855 3887
1855 8365
907 3515
907 3596
1238 3516
1238 4320
2831 3517
2106 3521
2106 4304
2106 5781
2106 9276
1488 3523
1488 4906
1488 6265
2319 3524
2319 4151
3181 3526
3181 3768
3181 7217
2260 3527
3457 3528
2050 3532
2050 3679
2050 4343
2050 5608
2050 9975
2122 3535
2122 3985
2122 6203
2913 3536
1045 3537
1045 4970
1045 7056
1416 3538
1416 4017
1416 4473
1416 4476
1715 3540
1715 5424
1715 8596
1715 9833
1110 3541
2013 3542
2013 4513
2013 6151
2013 6989
3497 3543
3497 7196
1542 3544
2673 3545
2673 7631
919 3546
1161 3547
3466 3549
1506 3551
1506 7500
2951 3553
2951 3634
2951 5505
3226 3554
3226 5236
3226 7169
1371 3555
1371 5698
1371 7036
1371 8256
1598 3557
1598 5773
1823 3558
2774 3560
2774 3572
2774 6359
1199 3565
1862 3567
2258 3568
2932 3569
2932 7360
2919 3571
2919 8588
3162 3573
3162 4129
3162 5044
1091 3574
3348 3575
3348 7854
2955 3578
2333 3581
2333 6735
1795 3585
1795 7021
1795 7225
2225 3587
2225 4728
2357 3588
2357 7419
2357 7514
3206 3589
1446 3592
825 3593
3318 3594
3318 7110
2134 3595
2134 3752
3011 3598
1617 3599
1617 4779
1617 9361
2006 3600
2006 4703
2297 3601
2297 9973
2297 9998
2455 3602
2455 5165
1253 3608
1253 4609
1253 5850
3265 3609
1575 3610
1074 3611
1074 6602
2197 3614
2197 5265
2197 6632
3230 3616
3230 9101
1476 3619
3325 3620
3267 3621
2114 3622
2114 4796
2114 7247
2618 3623
3365 3624
3365 8426
3365 9301
2862 3625
2862 4593
3083 3628
3083 5942
3083 7434
3083 7894
1910 3630
1910 6787
2738 3633
2738 6868
1033 3638
1033 6140
1033 6188
3047 3642
3047 6750
3047 9884
3496 3644
2479 3648
1548 3649
1548 6236
480 3650
1647 3654
1647 4270
1647 5014
2206 3655
2206 4911
2201 3656
1246 3657
3045 3658
2270 3659
2270 6788
1229 3660
789 3662
2886 3663
2886 5315
3561 3669
3561 7385
2241 3672
2241 4579
2241 9856
532 3676
2562 3680
2562 9918
2346 3681
2346 9956
3131 3683
2235 3684
3490 3685
3490 4623
3490 4658
3490 4975
3439 3687
3221 3689
3221 8446
2138 3690
2138 7765
2340 3695
2340 3966
2340 7771
587 3698
2902 3699
2902 4101
2902 8145
2556 3702
2556 4548
3437 3703
2202 3704
2202 8112
3304 3705
709 3706
709 9845
1916 3707
1916 7145
1916 9491
3423 3708
3423 9436
1055 3710
1055 9161
1055 9729
2424 3711
2424 4905
2424 5242
2424 6771
2424 8367
1676 3712
1676 5211
1462 3713
1462 4454
1086 3714
1086 6900
3706 3717
3706 4183
3706 6304
1273 3718
1273 6557
2677 3719
2677 5130
2677 5275
2677 8766
3314 3720
3314 4122
3314 5595
3314 7649
3285 3726
2368 3728
2368 8407
3082 3729
946 3730
946 9235
2497 3731
2563 3732
2887 3733
2887 3738
1889 3734
1889 6103
1889 8843
949 3735
949 5245
2894 3741
2894 4117
3464 3742
3464 5185
3688 3743
3688 5395
3688 5966
1509 3744
1509 6606
1509 6969
1509 9660
3560 3747
3708 3748
3708 4569
3708 5822
2608 3749
2608 4549
2608 6039
1871 3753
1871 3777
1871 8889
2793 3754
2793 5151
297 3756
3222 3757
3222 4535
3222 4798
3222 7792
3222 8173
2230 3760
3557 3761
2891 3763
1846 3764
1846 9017
3133 3769
2849 3772
2849 5129
2897 3774
2897 4570
2897 9722
3069 3776
3069 5123
2237 3778
2237 8047
2922 3779
2922 5753
3159 3781
3159 3886
3159 5425
3159 7501
3185 3783
3185 3965
3338 3784
3338 4524
2173 3785
2261 3788
3531 3790
3531 4176
3531 4475
3531 9336
2925 3791
3017 3794
3498 3795
3104 3796
2475 3797
2466 3798
2466 4185
2466 5664
2466 7444
2359 3800
2359 5855
2359 6463
3611 3804
1155 3805
2976 3806
2976 6840
3312 3807
3312 6624
3433 3808
3216 3809
3216 6972
2531 3810
2531 4988
1922 3811
2978 3812
2978 3948
2978 5458
2000 3814
2000 5692
2940 3815
1069 3816
1069 4516
1069 7783
3058 3819
3058 5394
2787 3820
3511 3822
3511 5028
3511 7148
3511 8320
2161 3823
2905 3826
2905 5463
2905 9697
2044 3827
2044 8912
1280 3831
1280 4806
2549 3832
2043 3833
2043 5362
2845 3835
2845 4724
1295 3836
3543 3838
2438 3842
2438 8424
2686 3844
2686 4597
3584 3849
2192 3850
2192 4369
3602 3852
2749 3853
903 3854
903 7280
3556 3856
1160 3860
1160 6647
3587 3862
3587 5763
3587 6677
3205 3863
3205 4070
1810 3868
1810 9681
1281 3869
1281 8470
1281 9442
2322 3870
2322 3873
2322 9826
3415 3872
3415 9369
3395 3874
3395 4388
3395 9528
3534 3875
3534 8129
1181 3876
1181 4958
3771 3878
3771 6544
2802 3881
2802 4850
3118 3882
3012 3884
3012 5043
3616 3885
2910 3888
3435 3890
3448 3892
3448 4380
3448 9252
1756 3895
3029 3897
3029 6985
3145 3905
3145 8179
3145 9691
1607 3911
3662 3914
3662 8574
1615 3915
1615 7850
1757 3917
1757 5114
509 3918
509 8977
2445 3919
398 3920
3175 3921
3873 3922
2962 3926
2962 4153
2962 4598
140 3927
140 5423
2031 3928
2031 6712
1721 3930
1721 5688
1721 5751
2369 3932
2369 4113
3823 3935
3823 7346
3680 3939
3817 3940
3817 4344
1895 3941
1895 7055
1895 8891
2778 3942
1058 3944
1058 4832
1058 7750
3619 3947
3619 4778
3251 3949
2324 3951
3237 3952
3237 6684
3589 3955
2070 3956
2070 4316
2070 8716
2635 3959
2635 4786
3723 3960
3113 3961
2729 3964
1738 3967
1738 4042
1738 4664
3779 3970
3779 4452
3257 3971
3257 9024
2896 3972
3536 3976
3536 4298
3536 5885
1063 3978
3247 3979
3247 5055
3540 3980
3540 4077
3540 5176
2284 3981
2284 5655
2284 7741
73 3983
73 5080
3940 3986
1314 3987
2032 3988
2032 4091
2032 8291
1703 3990
1703 4071
3341 3991
3341 5680
2981 3997
2446 4001
2464 4003
3295 4004
3848 4005
3727 4009
1353 4010
1353 6856
1353 7504
1353 7664
3860 4013
3860 4295
3860 4537
1415 4015
2698 4018
3486 4020
3486 4860
877 4023
877 6399
2998 4024
2998 6970
742 4026
2012 4028
2012 4932
2012 7566
3165 4029
3165 9178
3256 4030
3256 5135
1028 4031
1028 6744
1028 7711
1599 4032
1599 6369
1599 6649
2560 4033
2560 5023
2560 8325
1847 4034
1847 7919
1835 4035
1835 8526
3628 4039
3628 8022
3628 9908
2221 4040
3041 4041
1931 4043
1451 4044
2259 4046
3695 4048
3695 5194
3695 7183
1641 4051
1641 5296
1641 6695
1641 7274
1550 4053
2613 4055
2613 5897
3024 4056
3024 8917
2069 4058
3043 4059
4022 4063
4052 4064
4052 5947
4052 6205
3515 4065
3515 9250
2425 4066
2425 7034
2631 4068
2631 4704
2489 4074
2489 5062
3512 4075
3512 4607
3512 5893
3512 6412
3000 4078
2923 4080
2923 6293
3135 4083
3070 4086
3070 6971
2220 4093
2220 6570
2220 7922
2220 8068
1612 4095
810 4100
810 4892
810 7260
1473 4102
1473 7982
4060 4103
4060 5323
656 4104
656 7408
656 8672
2123 4105
2529 4107
3116 4108
3613 4110
3613 7203
3613 7718
3235 4114
3235 9957
2132 4116
2132 6938
3412 4119
3412 7083
2742 4120
2523 4121
552 4123
2733 4125
4043 4126
1918 4130
1918 4604
1872 4131
1872 5610
1872 5901
1872 6364
2023 4135
3170 4136
3170 5157
3170 6051
3107 4139
3107 5152
4118 4140
3268 4141
3268 4489
3101 4146
3101 5480
3324 4149
3324 5429
3324 8078
3324 9790
1108 4152
1108 6636
3793 4154
3793 4315
3583 4156
1583 4157
1583 5865
3293 4161
3293 4425
3922 4163
3922 5160
3922 7543
3407 4164
1145 4165
1145 7252
2038 4166
3676 4167
3676 8302
3351 4171
3351 5402
3351 7220
4003 4172
4003 9268
4003 9711
3286 4173
3286 6393
2403 4174
2403 4225
2403 9035
3992 4178
3992 8334
1310 4181
3620 4182
4011 4186
428 4189
1375 4190
1671 4192
1671 9575
2397 4193
3657 4195
1220 4196
2439 4197
3776 4199
3776 5990
3776 7719
3489 4200
3935 4201
3935 6137
3935 9168
2073 4202
3991 4203
1929 4204
3819 4206
3819 5118
3819 7824
1750 4207
2581 4208
3236 4209
3224 4210
3224 4288
3224 7042
1925 4211
1925 6368
1925 6998
1925 7013
3188 4220
3037 4221
3037 4742
3037 6768
3037 9170
3644 4222
3644 8202
3420 4224
3420 4954
3420 5565
3420 5684
3420 6839
2087 4226
584 4227
584 9525
3480 4229
3480 6037
1017 4230
1017 6450
1017 6867
1505 4233
1505 7213
3782 4234
3782 8657
3031 4235
3031 7487
1164 4236
1164 7899
1164 9292
3307 4239
2117 4241
2117 8949
2540 4243
2325 4244
2325 5223
1725 4247
1725 5034
3322 4249
3322 5030
3322 9394
2647 4251
2647 4912
2647 8035
2647 8431
4142 4254
2298 4255
2298 5673
1961 4256
1961 9767
2481 4260
2603 4263
3220 4265
3220 6886
3220 7027
3084 4266
3084 5475
783 4268
3328 4274
3328 9240
3328 9331
4213 4275
4213 5350
2246 4276
3647 4278
3647 5349
4016 4279
4016 5808
4200 4280
4200 9293
1829 4281
1829 4412
3377 4285
3377 4820
3907 4286
3809 4287
3809 8593
3112 4289
3112 4884
1124 4290
2142 4291
1977 4292
1977 7681
882 4293
882 7910
3642 4294
3642 8004
3923 4297
3923 9068
4294 4300
4294 5738
3357 4301
2541 4302
2541 5953
2880 4307
2880 8789
3032 4308
3032 4760
3032 7205
4230 4310
4230 4487
4286 4312
4286 4441
4145 4314
4145 4429
4145 4706
4145 7926
2660 4317
2660 5682
3586 4322
3939 4323
3896 4327
3896 6410
3896 7330
3896 9381
3426 4328
3500 4329
2590 4330
2590 7193
3533 4334
4156 4335
2653 4336
3302 4338
3607 4342
2256 4345
2577 4346
2577 6842
1885 4347
1885 4976
4331 4348
4331 6418
4331 6622
2336 4350
2336 7946
3943 4351
2301 4352
2847 4353
4249 4354
3596 4355
2710 4357
2710 9750
3792 4359
2853 4360
2853 6467
2735 4363
2735 4891
1370 4364
2362 4367
1410 4370
1410 6652
1737 4371
4314 4375
1923 4376
1923 5633
1923 9785
4097 4377
4097 5434
1007 4378
4256 4379
1258 4382
1258 6853
2247 4384
2247 4509
2247 5357
2927 4385
3469 4390
1790 4392
1708 4397
2449 4398
3859 4399
3859 5048
3859 8281
4263 4401
4263 5448
4263 9738
4081 4402
4081 9630
3394 4403
2839 4404
2839 5004
2839 7933
999 4405
999 6266
1713 4408
3887 4409
3887 6134
3887 7045
3007 4410
3007 6395
3007 6904
3007 7907
4187 4411
4187 9968
1766 4415
1766 4504
2747 4416
1312 4418
1312 5137
4196 4419
3088 4421
3088 6110
3088 6615
3936 4422
3936 6813
3207 4426
1322 4427
1322 6233
2985 4428
2985 8999
4047 4432
4047 7540
4047 7559
4160 4434
4160 4787
2154 4436
2154 5261
2154 7420
902 4437
902 5344
4101 4440
4101 5501
1634 4442
3461 4443
3461 9046
3601 4444
18 4445
18 8312
2388 4446
3759 4447
4033 4450
4291 4459
4291 5254
3839 4462
3839 6045
1970 4465
3258 4469
3258 5360
3258 7876
4400 4470
4400 4825
944 4471
944 7251
3430 4472
3430 9757
409 4474
634 4477
634 4710
634 6358
634 7162
634 9849
1740 4480
1740 6267
168 4481
168 5683
168 6835
3111 4483
4475 4484
964 4486
3301 4491
4428 4492
4428 5307
3002 4497
3002 7450
3002 8351
3002 8608
4253 4498
3884 4499
3884 6442
4464 4500
1090 4503
3691 4507
3691 7436
1625 4510
3184 4511
3184 9740
2433 4512
2433 6667
2433 8136
2433 8537
4195 4514
4195 4633
4195 5039
4195 6739
2857 4515
2857 8468
2532 4522
3306 4525
3747 4526
3747 5460
3747 8079
2725 4528
2501 4530
2501 4693
3056 4532
3056 5500
3056 5635
3056 9519
1536 4533
3046 4536
3046 4564
2870 4539
2870 5591
3841 4540
3320 4541
3842 4542
3842 5277
4257 4544
3444 4545
2498 4547
2498 6428
2761 4550
4458 4551
3919 4553
3419 4557
4123 4560
3150 4562
3150 4655
3150 6871
1692 4565
1692 7865
1561 4567
1561 7532
1265 4568
1265 6609
3472 4571
3472 5570
2213 4573
1343 4574
1343 7939
1343 8048
4358 4575
4358 6408
4358 8950
3378 4577
3502 4578
3502 4771
3502 7620
3671 4581
3130 4582
3130 7391
3609 4587
2055 4588
2055 5294
3803 4589
3803 8809
3806 4590
3806 7319
4296 4591
1566 4592
4474 4594
3621 4596
4008 4601
4008 5154
4589 4602
4027 4603
4027 5006
2786 4606
2786 9714
1861 4610
4535 4612
4535 8125
1197 4613
1197 6328
1197 7221
1197 9107
4141 4615
2696 4616
2696 8712
1402 4617
1402 7955
2722 4618
2722 7818
4454 4620
4413 4625
4413 6043
4413 8756
2218 4629
2218 8828
4623 4630
1032 4631
1032 6714
1032 7047
1032 7254
3635 4632
3635 4893
4572 4634
4572 4649
3458 4635
3458 8340
3274 4638
3274 5666
3483 4639
3483 9409
2550 4642
3580 4644
4000 4646
4000 4662
4000 7981
2655 4648
3978 4650
3978 7496
4323 4651
4619 4652
2958 4654
2958 6999
3397 4656
3240 4657
3240 6324
3240 7918
3840 4660
3595 4661
2036 4663
3321 4665
3321 5292
4439 4669
4466 4670
1339 4679
1339 5227
1339 6123
4627 4681
3952 4689
4340 4690
4340 5322
4642 4691
4642 8811
3684 4697
3684 6822
3684 9389
3449 4698
3449 8381
2267 4699
2267 4890
3880 4700
4345 4701
4345 5136
4029 4702
3405 4707
2553 4708
2553 5122
2751 4712
3554 4714
3554 8837
2514 4717
2514 9549
1636 4718
4680 4719
4680 7600
2379 4720
2379 5225
3161 4721
3161 5408
3077 4722
2534 4725
2534 5653
2534 8462
4242 4727
4386 4729
4226 4731
3900 4732
2313 4733
3678 4743
4401 4749
4401 7107
3022 4750
3074 4751
3569 4755
3223 4758
2991 4759
2991 4899
2991 5226
2759 4761
3290 4762
2432 4763
2432 5567
2432 8813
3487 4764
3487 8186
3346 4765
3346 8119
3072 4767
3072 8779
3774 4768
3774 6551
3774 7614
3284 4772
3284 6696
3284 7530
2825 4773
2617 4776
2617 4942
2617 6895
2805 4777
3926 4780
3926 5904
4171 4781
4171 6165
4171 6209
4100 4788
3468 4789
3468 6261
3468 9180
3949 4790
4653 4792
4496 4793
4496 8153
2639 4797
2639 6646
3275 4800
3275 6517
3275 7041
3275 8651
1528 4801
1528 5512
1528 5780
4571 4802
3562 4804
3562 6947
4111 4809
4111 5409
4402 4810
3811 4811
4725 4814
4689 4815
4689 7708
575 4818
575 6002
575 7875
2801 4821
4734 4823
3067 4828
4006 4829
4006 6960
4480 4831
4480 9030
4447 4833
4447 6072
3331 4836
3598 4837
4419 4838
3524 4839
3524 5060
3524 5740
3524 7004
2450 4841
4418 4843
2947 4844
3850 4845
3850 7527
4769 4846
4769 6545
4258 4847
3665 4848
3665 4862
1392 4854
1392 7980
1392 8937
767 4856
3717 4857
3717 5518
4740 4858
4740 7237
4740 9102
4452 4859
4452 5724
4452 8021
4779 4861
4779 9730
3643 4865
3484 4869
4612 4871
4612 5287
4612 5701
4612 7389
4083 4872
3815 4873
3815 5155
4634 4874
3316 4878
3734 4880
2961 4881
2961 6876
2296 4882
2296 7325
1819 4885
4591 4887
4063 4894
4063 9229
2451 4896
2451 8958
4357 4900
4357 9657
3863 4901
3863 5786
3863 6278
4415 4902
4295 4903
2389 4904
970 4907
4227 4909
2145 4915
3578 4916
3578 9675
2564 4918
2564 7442
4878 4919
4878 8452
4878 8534
2442 4920
2343 4921
3704 4922
3704 8635
4753 4923
3903 4925
3903 6208
3266 4927
3266 6702
4824 4928
4824 4955
4824 7160
1990 4930
1990 6891
1990 8360
517 4931
517 5243
517 5654
3428 4933
3428 5868
667 4935
667 5502
3218 4936
3218 9121
3329 4937
3650 4939
3650 6446
3650 9548
3246 4940
3246 9959
3712 4941
3098 4943
3098 5785
1491 4944
1491 7151
4825 4946
4825 6453
3990 4947
2487 4949
2573 4950
4817 4951
4869 4952
4869 5045
4869 8379
2812 4956
2812 5436
2812 5657
2812 8714
3969 4957
3969 9321
4752 4963
4752 7929
4355 4965
3942 4966
2876 4967
2595 4968
2595 5127
1243 4969
1243 7546
1379 4971
1379 5354
4888 4973
4209 4978
4771 4979
4561 4980
4715 4981
4715 8800
2800 4982
2644 4984
2644 7968
3921 4985
3476 4986
1968 4987
4766 4990
4766 5253
4763 4991
2519 4992
2519 6067
1814 4994
1814 6758
1814 8585
4198 4996
4723 4997
4723 9255
1274 5001
3006 5002
3006 5356
4971 5003
3279 5007
3885 5008
3885 5621
3967 5010
3641 5015
3641 6246
4823 5017
2944 5018
4795 5021
2779 5022
4664 5024
4664 6799
4664 9989
3591 5025
3591 6729
3591 9949
4776 5027
4836 5032
4518 5033
4335 5037
4335 5413
4335 7932
2292 5038
3899 5042
5002 5047
5002 5583
1954 5049
4492 5050
1842 5051
4297 5053
2253 5054
4928 5056
4928 6430
4928 6940
3661 5059
3661 7298
1587 5061
1587 5854
2861 5064
4137 5065
4137 6159
4137 7454
4137 7608
3750 5066
3750 5804
3750 9083
2734 5068
2734 5671
3344 5069
2416 5071
2416 7313
4968 5073
4968 5656
4968 7350
3100 5074
3100 7513
3571 5075
3571 5887
5068 5076
5068 9650
2691 5079
2691 7553
580 5081
580 6221
4240 5082
4240 8308
4240 8836
3097 5083
3097 5521
3097 6447
3097 7410
1957 5084
1957 6553
4035 5085
2066 5086
2066 9778
4433 5088
4433 7229
4155 5089
4155 6966
4155 8758
2168 5090
5020 5092
3845 5093
3845 8420
1594 5094
2597 5095
3191 5097
3191 5862
3191 8050
3791 5100
2080 5102
2080 6040
4113 5106
4113 5513
4293 5107
4293 6951
4293 8080
3716 5109
3716 9247
4819 5111
4819 7699
3294 5115
436 5117
1911 5119
1911 8631
3507 5121
3507 5266
3507 7378
4001 5124
2437 5125
5047 5126
1580 5128
1580 5994
1580 9455
4840 5134
2245 5138
2283 5139
2283 5196
4049 5140
2842 5141
3361 5144
4749 5147
1514 5148
5129 5149
3189 5150
4360 5156
4360 5693
4360 7456
2684 5162
2684 5421
2675 5163
2675 6191
2675 9564
2675 9603
4991 5164
4991 8818
4153 5167
2065 5168
3941 5169
4577 5172
3424 5173
3424 5212
4872 5175
3532 5178
3891 5181
3891 6500
3891 9710
3789 5182
3134 5184
4697 5186
4697 6244
4697 7886
4697 8686
4882 5187
4882 9940
3140 5189
4347 5190
1217 5192
1217 9465
3384 5195
3384 9986
4405 5197
4405 5801
3427 5198
2530 5200
1009 5201
4269 5204
4269 6474
4269 6504
4269 9010
4436 5206
3666 5213
4148 5214
5198 5215
5198 6021
1840 5216
1840 6321
2756 5219
2303 5220
2303 5752
3527 5221
1287 5222
1287 6360
4513 5228
4513 6076
4513 8166
3783 5229
3151 5231
3151 7888
3980 5232
3980 9889
2447 5233
2447 7191
3883 5234
3883 5647
3694 5235
4605 5237
4099 5238
1463 5240
3172 5246
3172 5631
4603 5248
4117 5249
4117 6531
4251 5251
4251 6941
637 5252
637 7549
3917 5257
3917 8896
4339 5258
2794 5260
2794 5732
4174 5262
2136 5264
3692 5269
3692 6117
2548 5271
2548 8396
3317 5273
3317 5442
5262 5274
3259 5276
3259 7223
3035 5279
3035 5931
2834 5280
3816 5281
4921 5284
1802 5285
3375 5286
3724 5288
3724 5790
2273 5291
2817 5293
2817 7721
901 5295
901 5447
901 7616
3983 5297
3983 7622
3983 8429
4610 5299
1679 5302
1679 8345
4403 5305
4403 7842
4665 5306
4665 5766
4665 6385
4665 8221
4665 8508
4711 5309
4830 5310
3203 5313
268 5314
2748 5316
4854 5317
4854 8305
4320 5320
2811 5324
2811 9028
1764 5325
1764 7537
1720 5326
757 5328
2542 5330
3752 5331
3752 9141
1428 5332
1428 5368
1428 9362
1796 5335
1796 7126
4119 5336
4119 5722
2625 5337
3152 5338
4719 5339
2900 5340
4435 5341
4435 5936
4173 5345
3654 5346
5077 5347
5077 5445
3945 5351
4370 5352
929 5353
5275 5355
5275 7112
4964 5358
3975 5364
3975 5710
4334 5365
5177 5366
5177 7996
5177 9524
4742 5367
4742 8090
2860 5370
2860 6870
2860 7374
2860 8053
4956 5371
4956 6356
2692 5372
2692 5871
2499 5375
5279 5376
5226 5377
4457 5380
4530 5381
3762 5382
5086 5387
2149 5390
2149 8075
997 5393
997 8610
4579 5398
4579 6372
4579 8104
3944 5399
3944 7141
3944 9619
4728 5400
5063 5405
2179 5406
2179 9996
4959 5407
4134 5410
3867 5411
4478 5412
4478 8602
4250 5414
4250 6780
4250 8171
3287 5415
3287 6589
3160 5416
3160 8388
1779 5417
1779 6330
1433 5418
1433 6808
1805 5419
4679 5426
1926 5428
1926 6778
1926 8808
4391 5431
4343 5439
4343 5575
4343 5756
4343 6746
3931 5440
3931 7775
4632 5441
3194 5443
2125 5446
3585 5449
5396 5453
4851 5456
4851 8316
3177 5461
3177 8713
4808 5464
4808 6046
4479 5465
3108 5467
4879 5469
4879 6066
5182 5470
5182 6728
3573 5471
3132 5472
3202 5474
4116 5476
4116 6958
2843 5479
2843 8200
5213 5481
5000 5482
5000 7103
4810 5484
4810 8389
4810 8495
3499 5485
3499 9454
4761 5486
4761 7188
5188 5487
3262 5488
4126 5489
4126 6559
3748 5491
3748 8054
4756 5492
842 5493
842 6501
1490 5494
1490 6790
2681 5495
2681 7701
2681 8176
1762 5496
2182 5498
3519 5499
5103 5506
5103 6290
5103 7830
5103 9132
5103 9876
2381 5508
628 5509
628 6011
628 6180
966 5515
2500 5516
2231 5522
1987 5524
4592 5525
3651 5526
3651 6249
3102 5527
4671 5528
2600 5530
2600 6419
4309 5531
4309 7326
2719 5532
2719 8852
2719 9285
4136 5535
4136 9559
5008 5536
5008 8796
5486 5538
5486 5744
1031 5539
1052 5540
2772 5542
2772 8778
4472 5543
4434 5544
4434 5757
3638 5545
3638 9444
4420 5546
66 5547
66 5815
3812 5551
3812 6423
5146 5552
5146 6245
1744 5555
1744 5833
1744 9140
5074 5556
5005 5557
4565 5559
4565 9136
5556 5560
5035 5562
5307 5563
5307 6782
3757 5572
3757 6888
3757 8266
2265 5574
3652 5576
2841 5579
2841 7124
4338 5582
4375 5585
2990 5587
3646 5589
4938 5590
4938 7545
3219 5593
3219 7569
3219 8545
4798 5596
4798 6959
4798 8282
1106 5597
1106 7093
2101 5598
2101 7877
2101 9157
5426 5599
5426 8244
4192 5600
4192 5807
2909 5605
2909 7475
2909 8614
3592 5609
2557 5612
2557 7536
5042 5614
5042 7449
2120 5615
2120 6583
2120 8230
2120 8749
3370 5616
3552 5618
3552 6693
4199 5619
5479 5620
5479 7138
4273 5623
2111 5625
2111 6064
5507 5626
664 5636
2417 5637
2417 8366
5397 5638
437 5640
5478 5643
724 5644
3778 5646
3778 6215
3778 8356
1753 5649
1753 5869
3802 5652
2835 5660
5106 5661
5106 9116
5457 5662
3618 5663
4203 5665
2198 5668
2198 6658
1844 5669
4292 5675
4292 8322
4969 5677
4346 5678
3297 5679
3297 8731
3146 5681
3146 6351
3146 6776
2097 5691
2099 5694
4949 5695
4949 5712
5691 5697
5691 5760
5691 6422
5155 5699
4392 5702
4392 5960
4392 6713
4826 5704
5463 5705
3198 5707
3198 8890
4409 5708
4409 6477
3253 5711
2769 5714
3744 5715
2363 5716
3864 5717
3864 5818
3864 9747
5264 5719
5264 6189
3057 5720
830 5721
4020 5727
4020 7935
4020 8887
3597 5728
3597 5909
3597 6258
5643 5729
4827 5730
1183 5731
1183 9913
2124 5734
2003 5736
2003 8109
4038 5737
3392 5739
4399 5741
2280 5743
5304 5747
5668 5748
5668 8384
5050 5750
5050 8288
5752 5754
5752 8118
4107 5755
4681 5758
5621 5759
5621 7308
3948 5761
3948 9538
5392 5764
4970 5767
4970 5840
4970 9512
1089 5768
3229 5774
3229 8586
5328 5775
4941 5776
4489 5778
4489 6108
4073 5782
5488 5784
5784 5787
5768 5788
5768 6313
3950 5791
3362 5793
3362 6026
3959 5794
4267 5795
3465 5797
3465 7255
3465 8025
5150 5799
3350 5800
1747 5803
1747 6280
1747 6299
1747 8199
1747 9566
5616 5809
5082 5811
1526 5812
4079 5813
5559 5814
3870 5819
3870 7344
3870 9320
2709 5820
5549 5823
5654 5826
2754 5829
3234 5832
3234 7963
3234 8930
5680 5834
2153 5835
1190 5837
1190 5918
1190 7235
5596 5838
3600 5841
3600 7244
2516 5843
2516 9503
5389 5844
5389 8353
5113 5846
5578 5847
5578 6837
5578 7288
2866 5848
4223 5849
1104 5851
1104 6832
4806 5852
5702 5856
5702 8558
1739 5857
1739 7323
2448 5858
3245 5861
5230 5864
5230 6130
5258 5866
2699 5867
2788 5872
2788 8043
1600 5873
5656 5876
5656 8228
4575 5880
5856 5881
4937 5882
4955 5889
4525 5890
4525 6238
4525 6662
4525 9818
5311 5894
2606 5900
3529 5902
5371 5903
5371 6172
4414 5907
4414 7249
1989 5908
1989 9056
2959 5910
2959 8134
5046 5912
5046 9682
4389 5913
1768 5915
1768 9208
1768 9648
4377 5916
5256 5917
5256 8634
2824 5919
2824 7170
2435 5920
2435 5941
2668 5921
4815 5924
3434 5925
3212 5926
3410 5930
4706 5932
4706 6797
4548 5933
4548 7588
1706 5934
1706 9526
4427 5935
4427 9830
3379 5937
3379 7365
3379 8934
2970 5940
2970 8207
4837 5943
4837 9080
4374 5944
5583 5949
5583 9853
3648 5950
3655 5951
5905 5955
747 5956
2731 5958
4760 5959
3119 5961
3119 7738
3119 9103
5842 5962
4207 5965
4207 8255
4556 5971
2022 5973
2233 5974
2233 8194
1254 5975
2965 5976
3732 5977
2576 5978
3605 5979
4106 5980
1501 5981
4034 5982
4122 5983
4122 9237
2591 5984
3173 5985
3770 5986
1099 5988
1099 9146
5299 5989
5580 5992
5589 5993
5840 5996
2406 5997
2406 7696
2657 6004
2657 6181
4361 6006
4361 6256
3183 6007
3183 6289
557 6009
557 7368
3171 6013
5971 6015
3106 6016
5690 6018
5690 6616
4538 6019
4538 6903
4828 6020
3886 6023
3389 6025
2780 6027
4318 6028
4318 6482
4318 6861
4318 6965
4318 7884
3417 6029
5628 6030
4471 6032
4471 8445
5293 6035
5293 6099
649 6036
3539 6038
3197 6041
3138 6042
4476 6044
4476 9343
3323 6047
3249 6048
3249 8589
5535 6049
4560 6055
4560 9874
3425 6056
5499 6057
3729 6058
3729 6365
3729 6769
6003 6060
6003 6124
6025 6061
3124 6062
3124 6893
1874 6063
5390 6068
5342 6070
5909 6071
4259 6074
4216 6078
2648 6080
5229 6081
5536 6082
5536 8301
3877 6086
4212 6087
4212 8010
5822 6088
4710 6089
4710 7745
5926 6090
4306 6091
4071 6092
4071 6398
2331 6093
2331 6554
4674 6096
5364 6098
1464 6101
5345 6104
2151 6105
2151 6706
5444 6106
5444 8341
5928 6109
1746 6112
5954 6114
5958 6115
4301 6116
4301 7820
2409 6118
2979 6119
2638 6120
5974 6121
5974 9334
4889 6125
4889 6898
4508 6127
5091 6128
5091 6664
5091 9838
2626 6129
2626 6161
4166 6131
2872 6135
2872 9666
3663 6138
3663 9627
3352 6141
1510 6142
5725 6143
327 6144
327 8178
4533 6146
1521 6147
1521 8473
1521 9761
5846 6148
4373 6150
3577 6152
2071 6153
2871 6157
4146 6162
4146 7329
4031 6163
880 6164
5117 6167
5377 6168
5751 6170
732 6173
5334 6175
5334 9383
5334 9701
3432 6177
5314 6182
5314 7232
2082 6183
6133 6184
5910 6185
5910 7358
1642 6187
1642 8776
3027 6193
3027 9813
4503 6194
4503 7606
4503 9130
4503 9609
4394 6195
4394 7116
4473 6196
4473 6727
2520 6200
6173 6201
6173 6909
6173 8031
2775 6202
2775 7768
2775 9979
3364 6206
3142 6210
6021 6211
4426 6212
3938 6213
5902 6214
5902 7114
3355 6218
6152 6219
6152 7476
4602 6226
4602 6761
4602 9617
2490 6227
2490 6932
2490 8760
1299 6229
5504 6231
5863 6232
5337 6234
5337 9664
4380 6235
5327 6237
1029 6239
1029 6492
1029 6766
4895 6240
4270 6242
3158 6251
5316 6252
5316 7208
5316 9147
4330 6253
4330 7091
5402 6257
6215 6260
6215 8847
2906 6269
3225 6270
3225 7624
3308 6271
6097 6272
5333 6275
4512 6276
6261 6279
6261 6919
3925 6281
4982 6284
4982 9044
2526 6285
3115 6286
3115 7636
5724 6287
2570 6291
3418 6294
3418 6565
4551 6295
4170 6296
4170 9485
5848 6297
4822 6300
5526 6301
4254 6305
6061 6307
3669 6309
3669 6601
3669 8662
5295 6310
2619 6311
5376 6312
5205 6316
5205 6937
3494 6317
4271 6318
4114 6320
2777 6322
5216 6323
2728 6325
4328 6331
4328 8665
2574 6333
6180 6334
589 6335
589 9592
2952 6338
2952 6454
5792 6339
3881 6340
4626 6341
4164 6342
2797 6343
2797 7739
5136 6344
5136 9026
6019 6345
6019 7995
5684 6347
5762 6348
5762 8425
5762 9095
5870 6349
5620 6353
5706 6355
4185 6361
4185 9518
4185 9962
6056 6363
2016 6366
3916 6367
4504 6370
4504 7485
3396 6371
1616 6374
1616 9203
1366 6375
4333 6376
5871 6377
1168 6378
3445 6379
3445 6472
3445 7039
1813 6380
4758 6381
4758 7243
4396 6382
3882 6383
2116 6384
3241 6386
5238 6388
4945 6389
4351 6390
4351 6894
4351 7289
5127 6392
5127 7218
4095 6397
4845 6400
4845 7139
5943 6404
3471 6405
3471 8561
4735 6414
4182 6415
4841 6416
4841 6666
5767 6417
5767 7856
5767 9452
3523 6420
3523 6930
2929 6421
6226 6424
6368 6425
6368 7646
3649 6431
4162 6432
5291 6433
1581 6435
1581 9281
1581 9635
1581 9842
5537 6438
4407 6439
2033 6441
2033 9086
3687 6443
4772 6445
4772 7219
4961 6448
3590 6449
3590 9779
2224 6451
4177 6452
4993 6455
3705 6456
3477 6459
2926 6460
4583 6461
5461 6464
5901 6468
5901 7152
1537 6470
5554 6471
5554 9405
6002 6473
6002 8416
5891 6476
3634 6478
6376 6480
5681 6485
3270 6486
4757 6487
3264 6488
3506 6489
3506 8627
4645 6494
1988 6495
1988 8504
1988 9768
6471 6496
2695 6497
3822 6498
3822 8659
5608 6499
3989 6502
5692 6503
5102 6505
5978 6507
5978 8771
2852 6509
4998 6510
4998 9864
4787 6511
5761 6512
4313 6515
6447 6516
6352 6518
3296 6520
2072 6521
982 6522
982 7665
5748 6523
6338 6524
4780 6526
4780 9282
4780 9411
4441 6528
5697 6529
5696 6530
4423 6534
5555 6535
2158 6536
5962 6537
4382 6538
3399 6540
4654 6541
4654 8575
2460 6543
2460 8922
6112 6546
3875 6549
6115 6550
4927 6555
5312 6556
5312 9317
3911 6558
3911 8701
3911 9763
1579 6560
4131 6561
4131 9659
4597 6564
2342 6567
2702 6568
4717 6571
5359 6574
5359 8087
5317 6575
5317 9857
1328 6576
1328 6975
1328 8654
5330 6577
5330 7435
6425 6578
1749 6579
5904 6582
5904 8465
2883 6584
2883 9742
1589 6585
4088 6586
5506 6588
2907 6590
4285 6591
2712 6592
2712 8143
5935 6593
2869 6595
3289 6596
4659 6597
5671 6599
4788 6600
4788 7577
4788 9125
5564 6603
5564 6918
4950 6605
4554 6614
5286 6617
2545 6619
3298 6621
3298 6736
2457 6623
2457 8573
3060 6625
6289 6627
6289 7825
6545 6628
4234 6630
3450 6635
5191 6640
6333 6641
5797 6642
5797 8570
6014 6643
4890 6645
2508 6650
2470 6653
4186 6655
3897 6656
2972 6659
4543 6660
5128 6661
4646 6663
4090 6669
4090 7216
5443 6670
6153 6671
6153 6879
5694 6672
6364 6673
5169 6674
1837 6676
1837 7369
3981 6679
3981 9092
3659 6680
3659 9481
2828 6681
2828 8988
4175 6682
2170 6685
2170 9839
2989 6688
2989 7277
2989 8528
4883 6689
2248 6690
4280 6692
4280 8677
3857 6694
6315 6698
6315 9358
4994 6699
5332 6700
5332 8406
1503 6701
1854 6703
6626 6704
2785 6705
6166 6709
6166 9435
5766 6710
3094 6711
5981 6715
5966 6717
1883 6718
680 6719
3345 6720
3488 6721
4241 6723
1955 6724
758 6725
5585 6726
5245 6730
2308 6731
2308 8196
4506 6732
4506 8417
4696 6733
1381 6734
1381 8729
595 6737
595 7128
3608 6738
6192 6745
4668 6749
4668 9187
5192 6752
5192 7989
5138 6753
2128 6755
1976 6756
6574 6757
1733 6759
5141 6760
6340 6762
6217 6763
3742 6764
3742 9841
4684 6767
4684 9865
5243 6770
6118 6772
4206 6773
5503 6774
5503 7201
1504 6775
1504 7240
1504 8522
4582 6777
1804 6779
1804 6976
1804 7610
6036 6781
6148 6783
5467 6784
5302 6785
5302 9431
4686 6786
3739 6792
3739 9669
6281 6793
6281 7809
4390 6794
5276 6796
5276 7089
5859 6798
5859 7961
5859 9341
4144 6802
4144 9071
5179 6803
4839 6804
4839 8408
6249 6805
6249 9915
1998 6807
6533 6809
6327 6811
6178 6812
6178 8962
3342 6814
4526 6816
5023 6818
4682 6820
4682 9922
5212 6821
5932 6823
1543 6825
2690 6828
6623 6831
6623 9355
6644 6833
4326 6838
2538 6843
3376 6844
2262 6847
3054 6848
3054 7129
5989 6852
2327 6854
6331 6857
6331 8400
4807 6858
5094 6859
5094 7828
6163 6860
2543 6862
2543 7081
2543 7911
4581 6864
4581 7669
3214 6865
4498 6869
6322 6875
6322 7680
6492 6880
6810 6882
4934 6884
4978 6885
3626 6889
5790 6890
3503 6896
2858 6902
1640 6905
4194 6906
4194 9264
5070 6907
6417 6908
4214 6911
6664 6912
6664 8380
5911 6914
4903 6915
4247 6916
4247 7379
4247 7975
2236 6920
1803 6922
1803 9624
5059 6924
5160 6927
5160 8684
1222 6929
5505 6933
5818 6934
5818 7756
5354 6936
6563 6939
3414 6942
4138 6943
4138 7671
4486 6944
4900 6945
5453 6946
1268 6948
6885 6949
6885 7031
5051 6950
6022 6953
2047 6955
2047 7276
1859 6956
1859 8236
6708 6957
5523 6964
5523 9554
6912 6967
448 6973
5131 6978
6092 6979
6092 8110
5545 6981
6342 6982
6342 7024
4268 6983
4364 6984
6742 6987
2924 6988
6397 6990
1801 6993
6235 6994
6184 6995
6184 8140
6646 6996
3693 6997
3898 7000
3898 8568
6971 7001
2030 7003
2030 7597
6538 7008
6169 7011
3075 7015
6670 7016
4316 7019
5948 7022
5948 8358
6707 7023
5631 7026
3525 7028
2067 7029
2067 9620
5041 7030
4304 7032
5309 7033
5379 7035
6930 7038
4873 7040
6573 7043
4064 7048
3966 7049
4762 7050
6123 7052
6769 7053
6769 8161
4803 7057
6472 7058
6472 7635
3685 7059
3685 9641
3685 9746
6035 7060
6605 7061
6605 7336
6605 7366
5274 7063
5338 7065
6224 7066
6224 9002
4102 7068
4102 8064
5442 7069
5442 7710
5003 7070
4310 7071
3599 7073
324 7074
324 8037
324 9470
5960 7075
6100 7076
5607 7077
5731 7079
5024 7082
5024 7677
6288 7084
5918 7085
5918 7726
6860 7086
6305 7087
6305 8995
3738 7088
3754 7090
3754 9139
4303 7092
4379 7094
4379 8204
6938 7095
5254 7096
5254 7895
6222 7097
6222 9902
6398 7099
6398 9723
6831 7101
6540 7104
6540 9646
5723 7108
5723 7406
3906 7111
5494 7115
5494 7302
5494 8285
5494 9232
6837 7117
3971 7118
2056 7119
2056 9899
5716 7120
5017 7122
6975 7123
6975 9025
5189 7125
1863 7127
1863 9965
6526 7130
304 7132
2512 7133
3974 7135
4372 7136
5460 7137
2412 7140
2412 9776
4916 7142
5199 7143
4235 7146
4235 7613
4531 7147
4531 9494
3751 7149
3751 9277
5181 7150
6783 7155
6091 7156
665 7157
665 8997
665 9165
4685 7158
6487 7159
6487 9337
6621 7165
7014 7168
2851 7171
2851 8603
2851 9532
4514 7174
4514 9112
7095 7175
954 7176
5246 7178
6693 7179
941 7181
5786 7184
3209 7185
5657 7187
5154 7189
5759 7190
4922 7192
5602 7194
4448 7195
5546 7197
3542 7198
4252 7200
5666 7204
5666 7363
6167 7207
5929 7214
3114 7215
7157 7224
7157 9382
3821 7226
3180 7228
3180 9477
5075 7230
4522 7231
2384 7233
6238 7236
3749 7238
3749 8752
2293 7241
6033 7242
6756 7245
3517 7246
3517 8612
2083 7248
2083 9534
1519 7250
1519 8698
6098 7253
6098 7361
6098 8816
7165 7257
7189 7259
6390 7261
5852 7262
7119 7263
7228 7264
7228 8795
6408 7266
3908 7267
6066 7268
5568 7269
7046 7270
1736 7271
2398 7272
6739 7273
6739 8184
6739 9671
2276 7281
5235 7282
3076 7285
5174 7286
5217 7287
5217 8116
3683 7290
820 7291
3481 7293
4462 7296
5459 7297
5651 7299
6318 7304
4805 7306
6172 7307
7178 7311
7178 8033
5441 7314
5441 8503
1770 7315
5085 7316
5903 7318
4225 7321
7222 7327
6608 7328
6608 9910
6883 7331
3123 7332
4660 7333
4620 7334
3853 7338
3853 8826
6635 7340
2335 7347
2473 7348
2473 9743
5067 7349
5803 7351
5803 8421
3127 7355
6084 7356
4159 7359
799 7362
5469 7367
4650 7370
5195 7371
6923 7373
5401 7377
4906 7380
7279 7383
7168 7386
7168 7652
2792 7387
5812 7390
6854 7393
4218 7395
4218 9459
1691 7396
3804 7397
6393 7398
6401 7399
4999 7400
6825 7401
7365 7402
2599 7403
5951 7405
6579 7409
7099 7411
7099 8259
4796 7412
4569 7415
7180 7416
3280 7417
5318 7421
5318 9041
6171 7423
3398 7424
6360 7425
6360 8741
4861 7426
1963 7427
2580 7428
2580 8065
1286 7429
1286 9326
6659 7430
6505 7431
4002 7433
3743 7438
6026 7439
3250 7440
7060 7443
5774 7445
6665 7446
5619 7447
6843 7452
7167 7453
6451 7457
6924 7458
7117 7459
6517 7460
6617 7461
1867 7462
1867 7787
1867 7878
5495 7463
5495 8798
4667 7464
7462 7465
1101 7466
5873 7468
3702 7470
2249 7471
4638 7472
5514 7473
6374 7474
6704 7478
3137 7479
4658 7481
5350 7482
5350 7805
4726 7483
6131 7484
987 7488
6130 7489
5434 7492
6073 7493
6034 7495
6034 7985
6161 7499
6161 7516
6161 9784
6596 7502
6596 8387
1384 7503
1384 9370
7221 7505
3063 7507
3913 7509
6429 7510
5406 7512
7278 7515
7278 7572
2567 7517
2567 7651
2567 8294
7510 7518
7510 7945
4500 7519
2628 7521
6551 7528
5682 7531
5682 7594
6431 7533
6431 9234
6431 9280
1485 7542
6807 7544
6807 8220
6004 7547
6004 8810
2656 7548
5707 7550
6833 7552
6749 7554
6749 9199
6627 7555
7032 7557
2422 7558
6506 7560
2288 7561
2288 8405
6667 7563
1959 7564
4184 7570
1364 7571
3604 7575
6407 7576
6407 7914
2084 7578
6438 7580
6438 7692
2830 7581
6870 7582
6181 7583
6649 7584
6624 7585
2931 7586
2931 8840
2931 9699
2846 7587
5739 7589
2687 7591
7231 7592
7451 7593
1198 7595
7018 7596
7018 9192
7018 9429
499 7599
6319 7602
6319 7838
6299 7604
2868 7605
2868 9527
7595 7607
7595 8748
3019 7609
5034 7612
210 7617
210 7688
5310 7619
2349 7621
7463 7623
1361 7625
7449 7626
2295 7628
5832 7629
6197 7630
1921 7632
1921 8372
6913 7633
5339 7634
5110 7637
6662 7638
2960 7639
6941 7640
4709 7642
7395 7643
5670 7644
5670 8909
7098 7647
6894 7648
3843 7650
5737 7654
6510 7655
5186 7656
5794 7657
6656 7659
5438 7660
4336 7661
3888 7663
4867 7666
7417 7667
7417 8781
3429 7668
3429 9142
4528 7670
5672 7674
5672 9128
6303 7675
5492 7676
5492 9339
5196 7678
2717 7682
2717 8330
2717 9805
3801 7683
2969 7684
2969 9611
4189 7685
6442 7686
6442 7921
5303 7687
5303 9807
6469 7689
6230 7691
7617 7693
4057 7697
7671 7698
4624 7700
7094 7703
5889 7704
6452 7705
4369 7706
6549 7707
2546 7709
5175 7712
6620 7713
7123 7715
7211 7716
7211 7951
7211 9680
7336 7717
2664 7720
2664 8668
7352 7723
4221 7724
4221 7936
5014 7725
4615 7727
4615 9511
4637 7729
4637 9685
6716 7730
6983 7732
5914 7735
867 7736
6009 7740
3553 7742
3553 8717
4773 7743
5326 7744
7557 7746
7387 7747
6853 7749
7299 7751
2893 7752
1395 7754
1395 8146
2366 7755
2366 9451
5613 7759
6430 7761
6974 7762
5719 7763
7525 7764
7525 9322
3453 7767
3453 9502
1994 7769
5688 7770
4942 7772
1277 7773
5126 7774
1811 7776
2937 7778
2129 7780
2723 7781
4743 7782
4743 9513
1208 7786
1208 8287
3299 7788
7206 7789
7206 9283
5805 7790
7593 7793
5391 7795
2611 7796
7739 7797
5816 7799
5353 7800
7587 7802
7587 9892
7567 7803
7567 8216
6032 7804
5884 7806
7156 7810
4284 7812
7492 7813
4555 7814
7062 7815
7400 7816
3475 7817
3987 7819
3987 9501
7200 7821
7606 7822
7606 8719
4770 7823
4770 8696
4770 9744
6067 7826
4366 7833
4366 9432
6089 7834
7762 7835
7762 8879
7701 7836
3460 7837
4302 7839
1974 7840
1974 9220
7798 7841
5662 7845
5662 8868
5662 8954
2269 7846
2214 7847
6174 7848
7239 7852
5519 7855
6411 7857
6411 8094
5627 7858
2306 7860
5987 7861
5987 8753
7468 7862
7468 9529
5393 7863
2376 7864
5835 7866
3326 7867
3393 7868
6156 7869
5308 7870
7603 7871
5343 7872
1380 7873
4973 7874
7225 7879
6206 7883
4465 7885
4738 7887
1184 7889
1184 7986
1184 8183
3195 7890
1397 7892
5548 7900
5548 9820
3228 7901
3228 8451
6528 7902
6428 7904
5398 7905
2662 7908
2662 9879
1722 7909
4511 7912
4070 7913
7534 7915
7534 9351
7428 7916
6298 7920
7464 7923
3924 7924
3924 8130
3924 8883
6675 7925
7219 7928
7219 9148
7689 7930
422 7931
6365 7934
2228 7937
2228 9674
4887 7938
7317 7940
7408 7941
3581 7942
6139 7943
5736 7947
7768 7948
6587 7950
5078 7952
5078 9185
6734 7953
4702 7956
4702 8477
4702 8804
4702 9589
5482 7957
1215 7958
4862 7959
6382 7960
7107 7962
3273 7965
1884 7967
6989 7973
6827 7978
6233 7983
3174 7984
3968 7987
5763 7988
5763 9016
6753 7992
6358 7997
4277 7998
5269 7999
5269 8348
5799 8000
5783 8001
5783 8011
5642 8002
5642 8536
5623 8003
4482 8005
2669 8006
5922 8007
5922 8595
2661 8008
2727 8009
7504 8014
2957 8015
6270 8016
6270 9629
7283 8017
7283 8338
7282 8019
6409 8020
7521 8024
5988 8027
4600 8028
4600 8357
4600 9164
4600 9999
3518 8029
6942 8034
6942 9038
6942 9547
4140 8036
5807 8038
2174 8039
7357 8040
7357 9613
6514 8041
6514 8185
5031 8042
6095 8044
2758 8049
5022 8051
3505 8052
3260 8056
7021 8057
5173 8059
5412 8060
4747 8061
4747 8822
1948 8062
1948 9886
3092 8067
6190 8069
646 8070
6907 8071
7956 8072
8063 8077
5538 8082
6640 8083
7977 8084
4461 8086
4461 9762
5231 8088
5599 8089
5529 8091
4559 8098
4341 8105
6933 8108
974 8111
5220 8113
977 8114
4056 8115
4056 8484
1864 8117
7147 8120
6714 8122
6714 8671
3411 8123
4025 8126
4025 8295
4025 9497
1980 8127
5833 8128
5833 9594
3068 8131
4091 8132
4091 9042
8097 8133
3769 8137
6147 8138
6601 8139
5561 8141
3305 8144
7842 8147
6150 8148
2921 8151
5405 8152
7082 8154
5021 8155
4663 8157
5271 8159
7274 8160
3061 8162
7411 8163
7564 8164
7422 8165
7422 9466
4813 8167
6966 8168
7298 8175
6525 8177
2908 8181
5076 8182
2496 8188
2496 8491
6038 8190
2219 8191
2700 8193
7690 8197
1996 8198
6697 8203
3528 8206
6658 8208
1875 8210
6111 8211
3143 8212
6134 8213
6412 8214
5917 8215
6079 8217
4820 8218
4820 8329
1890 8222
5049 8223
4321 8226
4417 8231
5652 8232
6530 8233
3313 8234
7382 8237
6423 8238
1072 8239
1072 8247
1072 8493
7171 8240
8123 8241
2632 8242
962 8245
5781 8246
5963 8250
7980 8251
4305 8252
1346 8258
1346 8674
6496 8260
5830 8261
6928 8263
6928 8461
6445 8264
5882 8265
6045 8267
6653 8268
4912 8269
4794 8271
8143 8272
5957 8273
4648 8274
4648 9639
7836 8277
8019 8279
7037 8280
8089 8283
8089 8309
6606 8290
2627 8292
4957 8296
4885 8299
3103 8300
7549 8303
5029 8306
6149 8310
1914 8313
3714 8317
3714 8342
6486 8321
6485 8323
7563 8324
7563 8583
7078 8327
5722 8328
6661 8331
6521 8333
3728 8336
7666 8337
8222 8343
5893 8344
6614 8349
546 8350
2005 8352
2005 9535
7667 8354
4342 8355
1709 8359
1709 8854
7657 8362
3463 8363
8316 8364
2954 8368
5375 8369
5673 8370
5373 8371
4161 8373
1897 8374
6755 8375
7873 8376
7873 9516
7330 8377
6772 8378
3271 8382
4010 8383
7818 8386
7818 9604
8295 8391
5823 8392
2277 8394
4287 8397
2763 8398
8288 8403
8288 8905
8287 8409
7120 8410
7120 9707
7973 8411
7386 8412
8090 8415
7694 8418
4952 8419
4952 8442
4952 8552
4952 8878
7584 8422
7584 8711
7301 8427
5808 8430
2720 8434
7556 8436
6353 8439
8144 8440
5881 8447
7370 8448
1316 8449
2187 8450
7232 8453
7232 8994
3874 8455
1042 8456
7687 8457
6537 8463
6280 8464
3633 8466
2565 8467
7268 8469
6745 8471
6745 9117
4918 8472
5726 8475
5143 8476
6228 8478
6228 8740
6228 9764
8374 8479
8374 9976
7648 8481
7648 9366
3796 8482
4670 8483
7036 8485
6264 8486
7085 8488
4640 8492
4019 8494
2575 8498
5764 8500
5072 8501
7306 8502
6566 8505
6094 8506
2364 8507
4574 8509
5290 8510
2743 8511
8010 8512
8411 8516
8003 8517
3713 8518
6198 8519
3141 8520
7285 8521
8119 8523
7665 8524
7374 8525
4593 8527
6578 8529
7642 8530
7642 8551
7214 8531
7214 9143
8444 8533
8240 8539
8513 8540
8513 9995
6959 8541
2190 8542
2190 8694
4350 8544
7964 8546
3089 8547
6475 8548
7354 8549
6355 8553
6355 9561
7277 8554
7277 8578
2737 8556
7725 8557
7725 9330
2180 8562
7008 8564
4566 8565
4523 8566
4608 8567
5132 8571
5132 8640
6512 8572
8437 8576
7196 8579
3049 8580
7209 8581
2592 8582
3707 8584
8221 8591
7522 8592
7522 9928
6357 8594
6357 9712
6357 9796
8539 8599
7186 8600
3632 8601
5844 8604
4074 8605
1975 8606
6830 8607
3721 8609
6385 8611
6385 8768
3332 8613
8496 8616
6904 8617
3109 8618
6774 8619
340 8620
3013 8621
4381 8622
6869 8623
2665 8624
4023 8626
4023 8777
5257 8628
8301 8629
6801 8630
4965 8633
2527 8636
6729 8638
2493 8639
5711 8641
5711 9823
1765 8642
5782 8643
5782 8963
6399 8645
2226 8648
6351 8649
6351 9605
6027 8650
6160 8656
7917 8658
7016 8660
4087 8661
3248 8663
7220 8664
3947 8667
7368 8670
3731 8673
4050 8675
8597 8678
5990 8680
5228 8681
5945 8682
3575 8683
7027 8685
4962 8687
3689 8690
4224 8691
3242 8693
5104 8697
6295 8699
4220 8700
7831 8703
8299 8705
1681 8706
4510 8707
5073 8710
3631 8718
6564 8720
8616 8721
6088 8722
8697 8726
5270 8727
5866 8732
2443 8733
5252 8734
4300 8735
7663 8736
5678 8737
8056 8738
8451 8739
6821 8743
3722 8744
6619 8747
6575 8750
4205 8751
5090 8754
8543 8755
4782 8757
8745 8762
8566 8767
2992 8769
2992 9426
3856 8770
8238 8772
7747 8773
7398 8774
2837 8780
7726 8782
5356 8783
5356 9540
5573 8785
7662 8786
4552 8787
5569 8788
4219 8791
7149 8793
4202 8797
769 8799
4611 8801
7566 8802
7566 9294
7076 8803
4385 8805
7633 8812
4193 8815
6107 8817
3303 8819
7229 8820
2486 8823
7114 8825
2110 8830
2525 8831
7127 8832
3217 8835
2428 8839
7897 8841
5831 8842
5831 8860
4356 8844
3763 8846
3456 8850
1646 8851
5665 8853
6922 8855
1818 8856
1818 9160
8067 8857
2048 8858
5683 8862
6164 8864
7467 8865
3673 8867
2649 8869
7005 8871
829 8872
2017 8873
8833 8875
5018 8876
3761 8877
7682 8880
4431 8882
4431 9404
6250 8884
6242 8886
7630 8888
5970 8892
6992 8893
1082 8894
7981 8895
8489 8898
8727 8900
7399 8901
8182 8902
8715 8904
7155 8907
4553 8908
5045 8910
5045 9313
7402 8911
5837 8914
4897 8916
2555 8918
6957 8919
8356 8920
5704 8921
5704 9269
1122 8923
1122 9875
6803 8924
7660 8926
7660 8940
7669 8928
4844 8929
8918 8931
7647 8932
6199 8933
4729 8935
6954 8936
8532 8938
3473 8939
7589 8941
7658 8942
7706 8943
7245 8945
5980 8946
3547 8947
5624 8952
8014 8953
8014 9453
7465 8955
5118 8957
8657 8959
4421 8961
8669 8964
8186 8965
3452 8966
927 8967
8774 8968
6454 8969
7796 8970
8442 8971
8442 9296
5804 8972
8799 8974
8174 8975
7246 8976
7004 8978
8213 8979
8213 9407
3566 8980
3566 9848
5369 8981
4898 8982
6529 8984
7000 8985
5007 8986
5525 8987
5525 9360
4675 8989
7476 8992
8165 8993
5885 8996
1073 8998
4967 9000
7088 9006
7861 9009
8973 9011
6179 9012
4524 9013
7737 9019
5168 9020
8568 9021
8425 9022
8425 9950
7855 9023
7855 9057
3879 9027
7883 9031
3310 9033
2609 9034
8148 9036
4388 9037
8311 9039
2659 9040
2659 9732
5378 9043
3363 9045
4954 9047
7802 9048
7746 9051
8343 9052
7511 9053
7511 9801
1665 9054
8431 9055
3570 9058
8433 9062
5157 9063
7361 9064
4093 9065
197 9067
8672 9072
3957 9074
2630 9075
4324 9076
6043 9078
4929 9079
910 9081
8686 9082
8686 9241
7909 9085
7161 9087
7161 9468
5239 9089
5239 9217
8860 9090
6125 9091
7007 9094
7115 9096
3493 9097
5413 9099
4054 9100
8469 9105
8842 9106
7048 9108
5836 9109
386 9110
4720 9111
6887 9114
8485 9115
8485 9739
5686 9118
4264 9123
4098 9127
4098 9716
6239 9129
7579 9131
1296 9133
8825 9134
8871 9135
4072 9138
5242 9145
6443 9150
1760 9151
2848 9152
878 9153
3826 9154
7674 9155
5404 9156
3639 9158
7419 9159
8002 9162
5592 9163
7493 9166
8409 9167
8363 9169
3797 9173
7604 9174
8851 9175
5743 9177
9172 9179
6877 9181
7091 9182
8474 9183
8416 9184
2585 9186
8840 9189
4298 9190
8604 9191
6099 9193
2760 9194
4046 9195
8600 9196
7373 9197
6162 9198
4539 9200
6369 9202
8394 9204
2010 9205
8740 9209
6083 9210
4703 9212
7335 9213
8293 9214
2948 9215
3400 9221
4398 9223
3656 9224
8508 9225
3572 9226
7650 9227
5880 9230
6220 9233
2183 9239
3168 9243
5614 9244
706 9246
8879 9248
6437 9249
8809 9251
6500 9253
4874 9254
4874 9388
9042 9256
9042 9782
8742 9257
2984 9258
8098 9259
7678 9260
7678 9822
7885 9261
5237 9265
7562 9267
8721 9270
8269 9271
5741 9272
7635 9274
7635 9728
8694 9275
4445 9278
7293 9279
4516 9284
4613 9286
4875 9287
6940 9288
5558 9290
5253 9295
5756 9298
6973 9299
4266 9302
7337 9303
4082 9304
7571 9305
8797 9306
8797 9819
4724 9308
8858 9310
7919 9311
7709 9312
7709 9758
7982 9314
3858 9315
6779 9316
2568 9318
8676 9323
476 9324
5183 9325
8547 9327
9063 9328
8942 9332
5907 9333
9179 9338
9171 9340
4449 9344
5281 9345
5450 9346
7832 9347
7845 9348
5770 9350
9010 9352
7226 9353
8674 9354
8215 9356
8659 9357
8557 9359
5185 9363
6901 9364
7860 9367
4497 9368
3042 9372
3504 9374
9049 9375
5211 9376
8309 9377
8562 9380
9021 9384
9021 9773
9021 9911
8492 9385
5993 9386
8233 9390
4865 9391
5695 9392
6655 9393
7659 9397
9124 9398
8468 9399
9227 9400
8107 9402
6113 9403
8894 9406
3670 9408
4005 9410
3064 9412
5260 9413
7961 9414
6589 9415
7672 9416
4129 9417
4282 9418
4048 9420
4946 9421
4491 9423
7158 9427
8950 9428
8117 9434
7962 9437
7141 9441
3837 9443
8589 9445
4163 9446
8073 9447
8330 9448
6328 9449
5107 9450
6324 9460
7125 9461
3163 9462
7338 9463
8241 9464
5440 9467
4557 9469
2413 9472
4891 9474
5942 9475
1788 9479
9026 9482
7388 9486
8389 9487
163 9488
163 9597
5149 9490
7496 9495
9273 9498
3958 9499
8336 9500
8423 9504
6976 9505
2011 9506
6680 9507
7179 9509
8043 9510
6140 9514
6799 9515
3535 9517
2612 9521
4907 9522
6476 9523
5659 9531
8870 9533
3018 9536
7193 9537
8086 9539
3548 9541
9433 9542
8038 9543
5562 9544
1858 9546
6695 9551
7639 9552
9275 9555
8897 9557
8012 9558
5825 9560
3213 9565
5655 9567
5532 9568
2034 9570
7328 9571
5240 9572
6638 9573
8016 9574
8703 9577
5227 9580
8957 9581
7758 9582
7767 9583
5462 9584
8633 9586
4319 9587
4322 9588
4354 9590
4276 9593
5574 9595
5079 9596
8189 9598
3810 9600
8574 9601
7848 9602
2075 9606
6405 9607
5742 9612
9303 9614
6628 9618
7889 9621
8608 9623
9181 9625
2667 9626
9091 9628
5480 9631
8115 9632
6867 9636
1865 9637
8404 9638
8404 9984
5689 9643
5876 9645
7771 9647
2552 9652
9253 9653
6406 9654
6828 9655
4547 9658
4838 9661
8229 9662
8947 9663
9382 9665
3255 9667
8076 9670
7474 9672
1134 9673
5147 9676
3244 9677
7015 9683
7979 9684
6890 9686
5236 9688
7946 9689
8924 9690
4344 9693
6020 9696
3576 9700
3800 9702
5597 9703
8367 9704
6805 9705
8219 9706
6891 9708
5121 9709
9086 9713
6503 9715
8560 9718
5791 9719
4800 9720
5277 9721
7688 9724
4327 9725
9177 9726
7865 9727
4067 9731
8084 9733
4158 9735
9368 9736
7289 9737
6858 9745
9554 9748
9291 9749
9422 9751
3667 9753
3390 9755
8622 9756
8175 9765
1726 9766
9612 9770
5105 9772
9688 9774
5650 9780
8552 9783
8399 9788
6488 9789
2536 9791
1824 9792
7089 9793
7544 9795
9686 9797
8053 9798
7763 9799
6874 9800
3905 9802
8536 9804
847 9806
3788 9808
5860 9811
4416 9812
8748 9814
6826 9815
8452 9816
8472 9817
4481 9821
2836 9824
6402 9825
9381 9827
3353 9828
2156 9829
6727 9832
9066 9835
2252 9837
2892 9840
6927 9843
4639 9844
8022 9846
7327 9847
4139 9850
184 9852
5244 9855
7381 9860
6814 9861
5496 9862
7539 9863
6312 9867
4778 9868
2524 9869
8121 9870
6117 9871
5522 9872
3087 9873
7172 9877
4987 9878
2832 9880
4534 9881
7856 9882
8986 9883
3764 9885
5676 9887
6698 9888
5744 9890
9719 9891
5747 9893
6396 9894
7937 9895
5785 9896
2076 9898
8087 9901
2344 9905
8935 9906
3999 9907
5209 9909
8441 9912
6767 9914
3193 9917
9167 9919
9677 9920
5567 9921
7051 9923
9350 9924
6509 9925
8212 9926
9843 9929
8227 9930
6725 9931
7429 9932
6679 9933
6846 9934
3895 9935
2614 9939
9540 9942
3495 9943
5508 9944
8140 9945
9470 9947
9152 9951
9296 9952
8746 9953
7227 9954
5298 9955
3977 9958
6732 9960
6337 9963
853 9964
9499 9966
9499 9977
6713 9967
3726 9969
4858 9971
7265 9974
8793 9980
3388 9981
7738 9982
8009 9983
7166 9985
9895 9987
9899 9988
6569 9990
8835 9992
6042 9993
4785 9994
9162 9997
