100 2
0 1
0 10
0 18
0 30
0 38
1 2
1 3
1 4
1 11
3 5
3 8
3 12
3 23
5 6
5 9
5 14
5 16
5 49
5 55
5 59
4 7
4 27
4 97
8 13
8 17
8 20
8 26
8 35
8 41
12 15
12 65
13 19
13 21
15 22
15 79
15 98
16 24
16 48
16 63
10 25
11 28
11 29
11 70
25 31
30 32
30 85
30 99
20 33
20 40
20 44
20 53
20 57
20 74
17 34
23 36
23 61
36 37
36 90
19 39
19 56
19 91
28 42
28 51
28 87
18 43
18 45
18 86
24 46
9 47
9 88
39 50
37 52
31 54
49 58
35 60
43 62
43 67
43 71
56 64
56 77
46 66
57 68
26 69
53 72
67 73
40 75
33 76
66 78
73 80
52 81
59 82
59 84
7 83
84 89
89 92
78 93
65 94
72 95
27 96
