1000 3
0 1
0 2
0 3
0 6
0 32
0 50
0 52
0 246
0 375
1 4
1 9
1 11
1 31
1 206
1 211
1 217
1 298
3 5
3 15
3 92
3 215
3 697
6 7
6 8
6 56
6 233
5 10
5 77
5 520
8 12
8 83
11 13
11 16
11 44
11 94
11 229
4 14
4 107
4 595
13 17
13 18
13 22
13 209
13 221
13 365
13 681
18 19
18 21
18 59
19 20
19 27
20 23
20 29
20 40
20 41
20 47
20 48
20 169
20 239
20 406
15 24
15 28
15 46
15 886
21 25
21 78
7 26
7 203
24 30
24 564
24 974
28 33
28 600
30 34
30 202
30 213
30 734
31 35
31 37
31 141
31 766
17 36
33 38
33 61
33 357
33 398
33 410
25 39
25 159
25 161
25 674
25 857
12 42
12 82
12 466
35 43
38 45
38 607
10 49
10 129
10 130
48 51
48 53
48 96
48 429
29 54
29 64
29 108
29 124
29 355
29 476
49 55
49 62
49 91
49 121
49 140
49 315
45 57
45 303
45 382
45 436
39 58
39 132
39 613
57 60
57 81
57 126
57 730
57 737
57 810
47 63
47 86
47 105
47 115
47 177
16 65
16 167
16 204
16 282
16 383
50 66
50 88
50 112
50 224
23 67
23 111
23 199
23 207
59 68
59 74
59 137
59 903
53 69
53 70
53 104
53 241
53 581
34 71
34 173
34 715
34 728
34 936
46 72
46 114
46 164
46 220
46 319
46 796
67 73
67 93
67 157
67 186
67 191
67 262
67 286
67 385
44 75
44 103
44 208
44 451
44 587
68 76
68 125
68 174
68 249
68 371
68 404
68 598
68 893
68 912
63 79
70 80
82 84
82 147
82 338
77 85
77 218
77 323
77 369
66 87
66 236
66 291
61 89
61 106
61 485
40 90
40 230
40 346
40 558
26 95
26 610
26 758
26 987
81 97
81 264
81 285
86 98
86 179
86 212
86 258
83 99
83 494
65 100
65 150
65 165
65 391
95 101
95 440
95 658
90 102
90 122
90 134
90 479
27 109
27 113
27 131
27 232
27 756
27 969
22 110
22 149
22 279
22 290
22 502
22 504
22 913
100 116
100 128
100 178
100 361
100 583
114 117
114 198
114 459
14 118
14 120
14 145
14 263
88 119
122 123
122 405
37 127
37 158
106 133
106 182
107 135
107 705
107 860
79 136
108 138
108 437
41 139
41 856
62 142
62 225
98 143
98 384
98 458
98 524
118 144
118 334
118 342
131 146
131 176
131 270
131 555
104 148
104 397
104 400
104 760
104 970
75 151
75 192
75 324
75 556
132 152
132 277
132 339
132 843
132 938
94 153
94 196
94 359
94 506
94 510
71 154
54 155
54 392
54 463
54 501
54 513
54 700
54 723
54 881
56 156
42 160
42 507
141 162
142 163
74 166
74 200
74 201
74 254
158 168
158 630
158 916
117 170
117 790
145 171
84 172
84 189
84 238
84 333
84 905
152 175
152 300
152 527
152 888
160 180
160 531
51 181
51 197
58 183
58 727
175 184
175 500
175 882
115 185
143 187
187 188
137 190
137 214
97 193
97 514
72 194
72 332
60 195
60 851
195 205
69 210
69 521
69 869
69 922
102 216
102 368
102 925
102 984
214 219
214 352
113 222
113 849
73 223
73 480
73 671
121 226
121 414
193 227
193 228
193 800
177 231
177 318
177 353
177 670
177 944
126 234
126 975
206 235
149 237
188 240
188 576
157 242
157 977
201 243
201 399
201 692
78 244
217 245
217 538
217 605
225 247
225 413
105 248
105 432
162 250
162 454
162 755
162 910
244 251
244 280
244 329
128 252
128 421
210 253
210 272
210 425
239 255
239 584
239 617
219 256
219 308
219 751
219 948
91 257
202 259
202 295
202 823
32 260
32 537
32 565
32 887
112 261
112 662
112 919
112 947
192 265
192 678
178 266
178 299
178 789
144 267
144 422
144 637
125 268
125 305
125 798
125 827
211 269
236 271
236 568
236 872
236 995
235 273
129 274
129 376
129 897
129 942
190 275
173 276
173 452
173 834
232 278
232 545
154 281
154 386
154 424
154 665
264 283
264 875
92 284
85 287
85 312
85 963
229 288
229 621
229 908
180 289
180 523
203 292
203 471
216 293
223 294
223 335
223 358
223 914
55 296
55 824
183 297
274 301
261 302
261 663
197 304
197 477
197 951
147 306
147 993
136 307
136 336
282 309
282 801
153 310
153 411
87 311
87 562
87 797
87 907
311 313
89 314
89 402
263 316
161 317
251 320
251 954
133 321
133 460
221 322
273 325
273 475
111 326
111 793
320 327
167 328
167 331
167 939
200 330
200 417
101 337
101 347
101 647
101 865
116 340
116 761
186 341
186 917
9 343
9 699
312 344
312 462
312 629
135 345
135 829
150 348
150 876
150 932
150 946
181 349
181 534
43 350
322 351
322 541
253 354
253 667
252 356
316 360
130 362
130 655
287 363
287 687
313 364
313 396
268 366
168 367
168 928
213 370
233 372
233 483
233 602
301 373
301 808
242 374
242 739
237 377
237 802
155 378
258 379
258 447
258 609
333 380
234 381
234 601
293 387
293 528
365 388
365 686
365 931
318 389
358 390
358 496
358 836
262 393
246 394
246 902
222 395
222 522
381 401
194 403
280 407
280 742
208 408
196 409
159 412
159 646
80 415
80 551
267 416
267 585
267 668
393 418
393 535
393 582
393 656
383 419
383 978
171 420
171 427
385 423
385 495
385 679
329 426
379 428
419 430
394 431
364 433
364 490
298 434
298 772
76 435
380 438
380 966
306 439
306 694
249 441
123 442
123 505
416 443
416 498
416 563
52 444
169 445
347 446
428 448
428 491
428 676
428 833
428 852
109 449
109 461
109 688
198 450
198 791
400 453
442 455
334 456
433 457
433 900
441 464
284 465
299 467
299 745
462 468
462 659
146 469
356 470
290 472
290 711
292 473
346 474
346 644
346 771
352 478
352 615
352 746
64 481
64 804
265 482
389 484
389 532
288 486
288 499
2 487
2 525
230 488
230 906
297 489
414 492
414 519
399 493
404 497
404 625
404 732
457 503
457 696
437 508
373 509
227 511
227 593
227 716
447 512
478 515
289 516
411 517
411 759
517 518
370 526
524 529
524 980
156 530
156 574
156 698
243 533
243 841
243 986
472 536
317 539
317 577
317 776
533 540
387 542
303 543
303 809
535 544
271 546
224 547
240 548
240 782
163 549
163 803
335 550
490 552
349 553
349 569
415 554
182 557
182 570
182 627
340 559
340 560
476 561
476 631
327 566
327 924
151 567
151 626
151 855
151 880
151 981
544 571
544 826
255 572
255 945
521 573
281 575
485 578
543 579
543 961
172 580
172 726
331 586
541 588
354 589
328 590
328 660
418 591
577 592
220 594
350 596
376 597
176 599
176 608
176 868
552 603
540 604
127 606
338 611
338 619
453 612
453 653
453 973
401 614
401 941
443 616
500 618
431 620
353 622
353 890
518 623
508 624
532 628
532 682
362 632
511 633
623 634
471 635
471 850
375 636
397 638
397 651
397 943
580 639
574 640
574 757
574 858
321 641
300 642
300 847
212 643
585 645
614 648
423 649
454 650
461 652
461 859
600 654
275 657
275 831
595 661
595 749
499 664
285 666
662 669
448 672
330 673
226 675
652 677
510 680
510 719
625 683
625 896
363 684
363 894
363 911
618 685
342 689
342 816
93 690
565 691
656 693
668 695
432 701
555 702
486 703
36 704
185 706
474 707
323 708
323 964
594 709
382 710
238 712
238 768
584 713
584 926
420 714
386 717
621 718
497 720
446 721
591 722
295 724
283 725
218 729
488 731
488 765
124 733
124 830
575 735
571 736
571 923
245 738
673 740
445 741
445 990
736 743
723 744
672 747
672 807
339 748
545 750
710 752
421 753
464 754
463 762
735 763
269 764
699 767
597 769
671 770
651 773
564 774
548 775
551 777
716 778
716 996
351 779
351 958
120 780
120 781
525 783
578 784
444 785
444 814
572 786
550 787
341 788
341 818
554 792
507 794
604 795
604 822
786 799
452 805
537 806
501 811
688 812
592 813
631 815
810 817
569 819
484 820
547 821
779 825
611 828
596 832
450 835
800 837
740 838
516 839
702 840
820 842
538 844
439 845
573 846
140 848
429 853
784 854
645 861
568 862
308 863
601 864
601 921
658 866
722 867
449 870
675 871
675 971
692 873
378 874
417 877
505 878
170 879
355 883
693 884
693 952
731 885
412 889
412 949
681 891
843 892
644 895
493 898
384 899
819 901
624 904
894 909
677 915
465 918
774 920
630 927
119 929
119 956
929 930
371 933
750 934
765 935
869 937
514 940
824 950
931 953
470 955
940 957
664 959
629 960
713 962
793 965
949 967
832 968
649 972
495 976
772 979
975 982
914 983
970 985
964 988
678 989
305 991
965 992
526 994
231 997
451 998
778 999
