1000 3
0 1
0 3
0 7
0 32
0 105
0 159
0 201
0 282
0 371
0 628
1 2
1 6
1 23
2 4
2 9
2 18
2 34
2 116
2 501
2 898
3 5
3 10
3 13
3 113
7 8
4 11
4 126
4 134
10 12
10 16
10 20
10 164
12 14
12 21
12 308
12 495
12 556
12 595
13 15
13 25
13 142
13 163
13 438
6 17
6 127
6 281
6 459
6 750
15 19
15 91
15 948
14 22
14 28
14 36
14 51
14 193
14 370
14 798
14 929
21 24
21 106
18 26
18 30
18 261
18 715
18 846
24 27
24 35
24 119
24 204
24 395
24 529
26 29
26 72
26 196
26 581
27 31
27 85
27 187
27 319
8 33
8 70
8 84
8 705
20 37
20 799
20 800
16 38
16 95
16 290
16 421
29 39
29 167
29 322
29 344
9 40
9 54
9 56
9 71
9 195
9 249
9 259
9 300
9 303
9 657
9 876
11 41
11 578
11 613
35 42
35 539
35 711
22 43
22 205
22 241
22 314
22 973
38 44
38 76
38 147
38 280
38 340
38 476
36 45
36 46
36 62
36 74
36 83
36 89
36 90
36 457
36 784
33 47
33 392
37 48
37 66
37 79
34 49
28 50
28 82
47 52
47 96
47 161
47 166
47 270
47 697
40 53
19 55
19 382
41 57
41 59
57 58
57 656
46 60
46 64
46 69
46 227
46 643
58 61
58 198
58 258
58 508
48 63
48 67
48 173
48 179
48 566
61 65
61 178
61 242
23 68
23 120
44 73
44 317
44 354
31 75
31 150
31 190
31 315
70 77
70 92
70 345
70 381
70 575
70 719
65 78
65 605
65 834
69 80
69 86
69 202
69 650
80 81
80 94
80 137
80 289
80 342
54 87
54 224
54 877
54 943
55 88
55 244
55 321
55 325
55 610
68 93
68 138
68 477
96 97
96 124
96 263
96 274
96 452
96 639
43 98
43 675
5 99
5 103
5 165
5 465
97 100
74 101
74 384
74 403
89 102
89 209
89 918
71 104
71 191
39 107
39 121
39 141
39 149
39 285
39 448
39 608
39 736
91 108
91 132
91 240
91 621
91 742
72 109
72 218
72 229
104 110
59 111
59 151
82 112
82 337
82 691
85 114
85 145
85 158
85 520
85 707
49 115
49 155
49 848
56 117
56 383
56 878
86 118
86 260
111 122
111 131
111 416
78 123
78 271
52 125
52 160
52 185
52 252
52 313
52 427
52 594
52 722
125 128
125 171
125 813
117 129
117 348
117 511
32 130
32 332
32 505
32 545
32 730
32 913
113 133
113 239
63 135
63 144
63 717
63 833
112 136
112 213
50 139
50 351
50 399
94 140
94 189
92 143
92 558
136 146
136 175
136 177
136 526
62 148
25 152
83 153
83 455
83 494
83 504
83 573
83 908
95 154
95 304
127 156
127 207
127 453
127 771
127 910
51 157
98 162
98 642
98 826
124 168
153 169
153 295
153 869
128 170
67 172
67 580
67 684
42 174
42 404
166 176
166 590
134 180
134 352
159 181
157 182
157 188
157 243
157 328
146 183
146 216
146 276
146 329
146 688
64 184
64 268
64 756
149 186
149 369
149 674
149 726
149 835
161 192
161 311
180 194
180 432
77 197
77 275
77 279
77 445
77 599
103 199
100 200
100 456
101 203
101 462
101 534
60 206
189 208
189 486
189 733
189 734
133 210
133 222
133 808
174 211
174 326
193 212
193 367
193 629
160 214
160 245
160 463
160 626
192 215
192 355
192 468
203 217
203 386
203 666
218 219
218 230
218 339
218 388
218 773
195 220
195 225
195 320
195 949
30 221
30 414
208 223
208 443
87 226
87 807
87 938
224 228
224 927
228 231
228 272
228 885
228 967
115 232
142 233
184 234
209 235
209 306
209 667
209 703
188 236
188 847
186 237
186 509
214 238
214 493
119 246
229 247
229 373
229 690
215 248
76 250
76 302
76 411
234 251
234 349
200 253
200 357
200 911
145 254
145 266
145 398
145 562
99 255
244 256
198 257
198 510
147 262
147 850
114 264
114 380
130 265
130 446
130 519
143 267
143 768
266 269
232 273
232 331
232 620
232 672
240 277
240 555
222 278
222 286
222 451
222 481
169 283
204 284
204 287
204 786
204 832
282 288
275 291
275 372
256 292
256 658
286 293
286 474
286 516
271 294
137 296
137 374
137 857
173 297
93 298
93 544
93 716
255 299
116 301
116 702
206 305
206 428
88 307
88 469
194 309
297 310
297 855
110 312
110 362
295 316
295 875
315 318
315 377
154 323
154 873
252 324
182 327
182 681
182 695
221 330
221 406
221 514
311 333
311 473
272 334
253 335
253 363
253 905
287 336
287 391
287 576
225 338
225 378
225 397
309 341
309 503
303 343
105 346
105 883
212 347
199 350
199 693
321 353
351 356
351 475
351 518
353 358
353 538
353 968
75 359
75 591
53 360
53 635
53 653
53 953
245 361
245 937
308 364
308 909
178 365
178 441
365 366
365 588
172 368
172 434
172 552
165 375
165 431
165 641
360 376
360 390
108 379
280 385
280 817
384 387
384 669
138 389
175 393
175 818
376 394
386 396
386 777
183 400
183 522
183 890
300 401
118 402
118 839
17 405
262 407
79 408
403 409
403 837
292 410
257 412
278 413
340 415
392 417
392 513
392 565
121 418
121 713
296 419
261 420
261 521
261 860
343 422
343 424
343 616
343 814
393 423
393 574
393 649
393 764
415 425
243 426
250 429
342 430
342 762
274 433
274 645
274 757
307 435
304 436
304 680
291 437
291 449
291 502
291 686
367 439
367 568
367 712
367 785
344 440
344 579
344 993
434 442
434 812
302 444
302 673
302 874
281 447
281 490
281 507
151 450
312 454
196 458
90 460
190 461
190 804
230 464
294 466
326 467
326 631
326 971
126 470
148 471
148 856
148 974
427 472
249 478
288 479
129 480
129 491
389 482
389 803
389 940
356 483
471 484
267 485
267 554
267 957
201 487
397 488
477 489
477 721
223 492
377 496
377 564
408 497
410 498
406 499
406 794
383 500
459 506
462 512
462 528
462 553
458 515
458 543
458 899
512 517
298 523
435 524
435 862
435 965
373 525
299 527
299 739
388 530
388 546
469 531
503 532
407 533
407 997
251 535
109 536
496 537
467 540
191 541
191 706
366 542
366 662
185 547
185 622
337 548
269 549
269 755
313 550
466 551
445 557
519 559
369 560
369 689
369 942
475 561
475 606
475 788
475 941
323 563
155 567
499 569
499 615
398 570
45 571
45 840
290 572
464 577
464 587
330 582
363 583
486 584
486 961
220 585
220 607
220 611
171 586
171 623
419 589
258 592
258 780
162 593
284 596
284 614
382 597
441 598
441 914
522 600
522 651
498 601
417 602
561 603
561 668
527 604
527 868
489 609
446 612
446 994
239 617
429 618
163 619
163 978
401 624
401 955
451 625
451 912
451 964
526 627
526 766
501 630
424 632
625 633
139 634
139 935
504 636
504 646
579 637
579 652
579 692
416 638
416 718
416 863
623 640
623 858
546 644
231 647
231 782
334 648
635 654
260 655
260 836
596 659
283 660
283 792
646 661
277 663
277 945
422 664
358 665
358 820
238 670
264 671
264 759
660 676
418 677
418 699
447 678
447 979
350 679
539 682
505 683
505 895
493 685
120 687
120 738
84 694
511 696
430 698
492 700
394 701
437 704
362 708
440 709
270 710
270 954
420 714
420 996
414 720
491 723
580 724
659 725
544 727
544 806
452 728
533 729
537 731
537 980
603 732
569 735
327 737
217 740
567 741
324 743
518 744
518 819
314 745
710 746
710 752
170 747
213 748
616 749
741 751
741 793
545 753
285 754
285 761
684 758
684 986
698 760
698 775
248 763
265 765
554 767
412 769
619 770
619 989
528 772
696 774
259 776
259 888
259 975
478 778
478 923
529 779
638 781
276 783
727 787
724 789
699 790
681 791
681 866
755 795
573 796
615 797
506 801
632 802
479 805
479 903
354 809
426 810
450 811
450 962
787 815
370 816
123 821
364 822
177 823
551 824
743 825
346 827
346 829
702 828
702 925
431 830
811 831
289 838
762 841
468 842
581 843
742 844
750 845
750 946
750 991
473 849
197 851
233 852
770 853
751 854
802 859
839 861
798 864
804 865
723 867
668 870
820 871
590 872
862 879
862 950
807 880
509 881
629 882
357 884
202 886
202 944
667 887
456 889
849 891
631 892
688 893
836 894
368 896
850 897
850 983
842 900
592 901
583 902
599 904
772 906
772 977
523 907
873 915
608 916
701 917
701 981
822 919
852 920
617 921
761 922
540 924
122 926
207 928
557 930
907 931
246 932
901 933
901 934
325 936
500 939
705 947
485 951
951 952
812 956
187 958
236 959
932 960
955 963
402 966
541 969
707 970
794 972
778 976
404 982
655 984
432 985
341 987
881 988
745 990
853 992
600 995
863 998
604 999
