10000 4
0 1
0 2
0 115
0 254
0 639
0 946
0 966
0 5970
0 9133
1 3
1 6
1 30
1 99
1 630
1 1101
1 5125
1 6531
1 8255
2 4
2 9
2 10
2 13
2 18
2 7829
4 5
4 40
4 41
4 332
4 3206
4 3246
3 7
3 8
3 615
9 11
9 12
9 15
9 79
9 110
9 2850
9 4552
9 8032
5 14
5 430
5 2816
11 16
11 31
11 83
11 164
11 327
11 405
11 1343
11 1455
13 17
13 25
13 38
13 1287
13 1955
13 8713
6 19
6 44
6 52
6 770
6 5192
6 8172
8 20
8 24
8 64
8 172
8 187
8 394
8 400
8 534
8 3707
8 5753
17 21
17 58
17 61
17 348
17 486
17 847
17 5303
21 22
21 23
21 26
21 285
21 340
26 27
26 29
26 36
26 273
26 328
26 745
26 2567
26 9895
18 28
18 47
18 97
18 208
18 256
18 411
18 698
18 3457
16 32
16 57
16 63
16 577
16 1113
16 1261
25 33
25 34
25 51
25 60
25 105
10 35
10 71
10 88
10 160
10 1452
10 2627
10 7966
7 37
7 50
7 53
7 226
7 1234
7 1400
7 3529
7 3750
7 7004
7 7458
31 39
31 87
31 89
31 134
31 222
31 1620
31 3066
31 4952
12 42
12 73
12 488
12 585
12 1748
12 7491
30 43
30 120
30 342
30 2364
30 8840
30 9301
23 45
23 568
23 1109
23 2848
23 8300
45 46
45 62
45 69
45 185
45 204
45 250
45 300
45 2597
45 8228
35 48
35 102
35 114
35 188
35 213
35 836
35 1102
48 49
48 101
48 283
48 413
48 4168
48 4681
48 6513
39 54
39 108
39 338
39 479
39 2328
39 8381
39 9907
50 55
50 65
50 292
50 592
50 1436
50 3433
32 56
32 113
32 119
32 3939
34 59
34 78
34 125
34 126
34 205
34 294
34 299
34 699
34 738
34 2082
34 4926
34 9548
65 66
65 673
65 2051
65 2104
52 67
52 237
52 789
19 68
19 190
19 925
19 1931
19 2398
37 70
37 540
37 645
37 802
37 1676
42 72
42 145
42 155
42 166
42 282
42 718
42 829
42 3283
70 74
70 252
70 1551
70 2373
70 2511
49 75
49 106
49 219
49 414
49 562
49 5635
61 76
61 95
61 168
61 269
61 1426
68 77
68 100
68 104
68 153
68 1018
68 1356
68 2403
68 2425
68 5701
74 80
74 112
74 146
74 382
74 434
74 1027
43 81
43 178
43 642
67 82
67 92
67 582
67 4880
62 84
62 189
62 1443
62 2103
62 2739
62 5324
62 5374
64 85
64 140
64 398
64 572
64 1357
64 2340
64 8977
64 9273
72 86
72 395
72 2304
72 3050
71 90
71 167
38 91
38 335
38 401
38 681
38 1084
38 6070
38 6680
38 8108
54 93
54 263
54 703
54 2838
54 2894
54 8488
78 94
78 257
78 354
78 384
78 2337
78 3893
78 6356
63 96
83 98
83 248
83 288
83 491
83 5676
83 6949
89 103
89 345
89 362
89 391
89 496
89 1190
89 2027
89 3593
89 4862
15 107
15 321
15 1586
15 2262
92 109
92 143
92 7023
27 111
27 284
27 622
27 1183
27 1948
27 1957
27 4325
27 9658
109 116
109 374
109 438
109 541
109 578
109 2988
56 117
56 133
56 1563
56 6076
40 118
40 181
40 416
40 563
46 121
46 139
46 243
46 1507
46 1627
46 2133
28 122
28 142
101 123
101 544
101 4319
101 4508
24 124
24 182
24 241
24 389
24 1741
24 3119
125 127
125 265
108 128
108 210
108 445
108 465
108 970
108 1172
33 129
33 144
33 161
33 365
33 1542
33 3972
33 5509
119 130
119 147
119 196
119 442
119 1910
119 4473
119 5398
119 6786
81 131
81 179
81 247
81 336
81 746
81 2283
102 132
102 322
102 344
102 454
102 1054
133 135
133 150
133 450
133 1078
133 5004
133 5031
115 136
115 1921
115 1962
115 2613
115 3651
115 4252
115 4335
128 137
128 258
128 1117
128 2215
128 3447
128 4637
128 4682
128 8874
105 138
105 1140
105 5522
58 141
58 194
58 1150
58 2281
58 2585
100 148
100 333
100 469
100 1702
96 149
96 198
96 253
96 422
96 851
96 2285
96 4055
96 4736
96 5112
76 151
76 360
76 508
76 964
76 1388
76 2193
76 4102
76 6187
73 152
73 255
44 154
44 301
44 4085
44 5262
86 156
86 297
86 347
86 1976
86 4536
86 6121
22 157
22 176
22 519
22 1288
22 1309
22 2509
22 2765
154 158
154 895
154 896
154 1609
154 2736
154 3327
82 159
82 270
82 8825
126 162
126 169
126 200
126 228
126 880
126 4814
126 7178
120 163
120 295
120 431
120 1601
120 3449
111 165
111 175
111 392
111 1218
111 2246
111 6851
113 170
113 184
113 440
113 947
113 7732
132 171
132 4273
132 4424
132 4981
88 173
88 229
88 390
88 2697
88 4581
88 5333
88 7221
134 174
134 404
134 512
122 177
122 458
160 180
160 433
160 1075
29 183
29 218
29 842
29 1029
29 1778
29 5785
29 7216
51 186
51 1006
51 1526
51 1616
124 191
124 470
124 579
124 1560
124 4644
153 192
153 739
153 1083
153 1590
153 4192
41 193
41 309
41 331
41 489
41 1328
41 2028
41 2976
41 4362
41 7037
41 9221
184 195
169 197
169 1281
169 2112
169 2602
169 3573
169 6396
169 6858
169 9107
169 9229
136 199
136 231
136 472
136 1381
136 2474
140 201
140 735
140 1556
140 1961
140 7636
140 9699
95 202
95 291
95 370
95 435
95 775
95 1863
95 7106
20 203
20 831
20 2664
173 206
173 1986
173 2696
173 6024
173 8090
173 9354
173 9874
187 207
187 293
187 449
194 209
194 590
194 1837
194 2855
194 8838
143 211
143 329
143 493
143 571
143 1282
143 1512
143 1756
143 5976
143 7927
185 212
185 225
185 480
185 596
185 609
185 613
185 722
185 1043
185 1757
57 214
57 1376
57 1862
57 5178
198 215
198 387
198 798
198 5654
214 216
214 230
214 1134
214 1593
214 2467
214 8345
214 8350
166 217
166 3136
93 220
93 3239
93 3774
93 4405
93 4484
183 221
183 1690
104 223
104 289
104 793
104 1086
104 1151
104 2685
104 2956
147 224
147 320
147 2005
207 227
207 249
207 314
207 471
207 538
207 1015
207 1804
207 3648
207 3911
207 6335
165 232
165 894
226 233
226 296
226 323
226 1378
226 1758
226 7412
226 8093
116 234
116 307
116 310
116 682
116 2564
116 2665
87 235
87 761
66 236
66 280
66 616
66 4402
66 8664
156 238
156 264
156 298
156 492
156 1148
156 1380
186 239
186 654
186 3789
186 4973
209 240
209 343
209 751
209 5655
209 8169
209 8760
123 242
123 418
123 1858
123 2178
238 244
238 415
238 923
238 2763
238 3350
238 4635
157 245
157 278
157 1557
157 1692
157 2093
121 246
121 443
121 459
121 555
121 1211
121 1787
103 251
103 2542
213 259
213 429
146 260
146 856
146 1325
146 1450
162 261
162 474
162 588
162 5704
162 7816
148 262
148 697
148 2559
148 3989
148 5271
179 266
179 768
179 5082
179 5389
14 267
14 653
14 660
14 1152
14 2070
75 268
75 375
75 5739
190 271
190 521
190 545
254 272
254 326
254 420
254 794
254 2045
254 7930
151 274
151 805
151 862
151 1057
151 1826
151 3892
151 4593
151 5423
227 275
227 421
227 624
227 1876
227 5833
227 8888
203 276
203 1301
203 3348
36 277
36 358
36 934
36 1434
36 2388
145 279
145 863
145 914
145 1899
145 3475
145 4522
237 281
237 912
237 4646
90 286
90 490
90 2377
90 3724
90 5600
259 287
259 1265
259 4566
259 9330
163 290
163 388
163 586
163 791
163 6489
300 302
300 1687
300 7406
192 303
192 530
192 717
192 1410
85 304
85 432
85 1421
85 3001
85 4025
85 4130
216 305
216 1099
216 1549
216 2616
216 2784
216 4415
139 306
139 353
139 511
139 516
139 672
139 3491
139 6563
150 308
150 1191
258 311
258 527
258 629
258 4771
286 312
286 665
286 1002
286 1123
286 1887
286 1966
219 313
219 325
219 402
219 641
219 1052
219 3422
219 3915
305 315
305 466
305 1924
305 3440
305 6387
305 7908
305 9951
269 316
269 1592
269 2155
269 3180
269 5855
269 7229
246 317
246 1294
246 1419
246 3142
189 318
189 2231
303 319
303 380
303 984
303 1896
303 6326
303 8031
91 324
91 423
91 499
91 564
91 3266
91 5657
255 330
255 943
255 1814
255 3614
255 4865
255 5927
255 6814
110 334
110 1153
110 1568
110 4301
110 5799
110 5804
110 9028
281 337
281 1383
270 339
270 5019
282 341
282 1823
282 2663
282 2990
338 346
338 518
338 1481
338 2188
315 349
315 560
315 1694
315 2138
315 3159
315 5964
144 350
144 548
144 3277
144 4609
277 351
277 363
277 685
277 764
277 1024
277 1059
277 1133
277 4398
130 352
130 1154
130 1502
130 1565
325 355
325 427
325 2038
325 3718
273 356
273 1005
273 2582
276 357
276 3170
276 4934
229 359
229 595
229 1263
229 2022
229 2912
229 5366
241 361
241 742
241 980
241 4725
196 364
196 992
196 3454
363 366
363 1031
363 1871
363 2909
363 5167
363 7355
363 9424
357 367
357 839
357 4668
357 5935
240 368
240 643
94 369
94 591
94 2352
94 6321
206 371
206 460
206 2487
359 372
359 569
359 1037
313 373
313 785
313 1046
313 4014
262 376
262 810
193 377
193 2823
193 3009
193 8301
316 378
316 666
316 1459
316 2012
316 2054
316 2126
316 5219
316 8334
223 379
223 393
223 1210
223 1635
223 1766
223 2298
223 5207
235 381
235 815
235 989
235 1484
263 383
263 1212
263 1457
263 1478
263 3261
251 385
251 932
251 6426
106 386
106 2455
106 3027
297 396
297 671
297 1716
297 2179
335 397
335 801
335 2574
335 4574
161 399
161 424
161 776
161 1108
161 1371
161 2039
161 2161
161 8182
243 403
243 5302
243 8477
69 406
69 453
267 407
267 1891
267 2380
352 408
352 7808
266 409
266 2101
266 4819
239 410
138 412
138 960
355 417
355 4922
355 7837
355 8285
355 9430
191 419
191 487
191 1170
416 425
416 463
416 1143
416 3274
399 426
399 532
399 676
399 837
399 920
399 1825
399 8436
308 428
308 1289
308 1605
308 2534
308 2658
308 2723
308 9522
383 436
383 1071
383 3411
306 437
306 477
306 632
306 726
306 8271
405 439
405 464
405 908
405 1000
405 2514
405 2803
405 7553
366 441
366 679
366 6745
394 444
394 1872
394 9465
361 446
361 1374
361 2278
361 3862
272 447
272 627
272 638
272 691
272 692
272 1106
272 2079
272 2944
272 6589
181 448
181 1433
336 451
336 475
336 879
336 1189
336 1541
336 2149
336 3302
336 6715
333 452
333 498
348 455
348 456
348 3303
164 457
164 2085
164 2461
164 3670
446 461
446 646
446 1308
446 2145
450 462
450 844
450 9379
314 467
314 977
314 1225
314 1771
314 6066
60 468
60 2118
60 5096
60 7771
60 8070
233 473
233 3036
398 476
398 599
398 705
398 846
398 5690
142 478
142 1346
142 3071
142 5330
142 6072
142 9775
291 481
291 841
291 3900
291 6990
463 482
463 1111
463 1619
195 483
195 1030
195 6882
256 484
256 695
256 2072
256 5320
343 485
343 6783
234 494
234 1451
234 4758
285 495
285 523
285 1461
285 5115
285 7129
461 497
461 9702
422 500
422 1667
422 5199
249 501
249 845
249 1327
249 1717
249 3831
232 502
232 1248
232 1418
232 2186
172 503
172 635
172 1536
172 1744
172 3241
421 504
421 522
421 1055
421 5557
421 7995
283 505
283 1036
283 2536
283 6298
337 506
337 528
337 871
337 4820
337 9644
98 507
98 3228
222 509
222 651
222 2387
222 4488
409 510
409 1247
409 1803
409 1864
409 3891
409 7321
432 513
432 3033
486 514
486 811
486 6459
468 515
468 928
468 930
468 1504
468 9545
202 517
202 1305
202 1873
496 520
496 2532
496 3005
496 4129
460 524
460 542
460 1104
460 4317
469 525
469 1645
469 2454
469 2475
469 3026
323 526
117 529
117 771
117 4687
117 7836
456 531
456 1076
456 3081
456 3092
456 4654
456 5327
279 533
279 1432
279 5077
279 6838
482 535
482 6717
231 536
231 884
231 1460
231 7441
387 537
387 3514
387 3589
519 539
542 543
542 1166
542 3364
521 546
521 625
339 547
339 4692
339 5206
275 549
329 550
294 551
294 7324
159 552
159 786
159 854
365 553
365 4381
327 554
327 752
327 865
327 1790
480 556
480 909
480 1358
328 557
328 1186
328 8185
84 558
84 1575
84 4104
457 559
457 3198
457 3290
457 4587
350 561
350 873
350 1253
350 9752
149 565
149 677
149 7256
369 566
369 1869
369 2965
493 567
493 5242
493 8124
344 570
344 1124
129 573
129 620
129 804
99 574
99 1706
99 2641
252 575
252 1001
252 1125
252 2187
379 576
379 605
379 6722
379 7892
516 580
516 1972
516 2013
562 581
562 797
562 1535
440 583
440 1466
440 1800
440 3556
440 4012
440 5665
220 584
220 807
220 1131
220 1159
326 587
326 597
326 652
326 1728
326 2307
326 3739
388 589
388 634
388 1345
388 8979
346 593
346 1042
554 594
554 6236
212 598
212 1198
212 1990
212 2771
424 600
424 3017
424 5593
424 9286
581 601
581 2122
581 2837
581 3235
581 5156
581 9667
581 9914
384 602
384 1077
384 1098
384 1449
384 1532
384 3177
488 603
488 1304
488 1348
488 1352
488 3047
488 3308
488 4287
464 604
464 667
464 759
464 1711
464 5000
479 606
479 4826
218 607
218 982
218 1090
245 608
245 5196
517 610
517 644
517 1487
517 1886
517 2033
517 2247
517 2902
517 3244
354 611
354 1453
354 1824
354 4951
301 612
301 2806
544 614
544 5766
433 617
433 3617
433 4980
374 618
374 633
374 2518
374 5822
371 619
371 649
371 1718
371 2974
391 621
391 864
391 1316
391 1367
391 6865
317 623
317 1017
487 626
487 1232
487 2098
487 2488
487 4523
155 628
155 1646
155 3365
155 3747
155 7576
174 631
174 840
174 857
174 1686
174 4313
295 636
295 1062
295 1513
295 2083
295 5104
295 6587
295 8802
168 637
168 1386
168 5220
342 640
342 769
342 5852
342 6401
490 647
490 995
490 3161
633 648
633 999
633 1161
633 2160
633 3697
633 4308
645 650
645 817
645 1010
645 6930
627 655
627 766
627 959
627 3763
627 4320
152 656
152 1623
152 5132
59 657
59 940
59 1033
59 1149
59 2293
59 6802
59 8263
59 9386
574 658
574 799
268 659
268 1188
268 3294
268 5216
349 661
349 2069
349 9269
512 662
512 2472
55 663
55 993
55 1780
596 664
596 2235
596 4427
592 668
592 792
592 1045
592 6178
215 669
215 2444
215 8404
523 670
523 3015
523 3196
648 674
648 1781
648 2052
648 2945
648 4259
673 675
673 1545
673 2673
673 3533
423 678
566 680
112 683
112 2393
112 2925
112 3204
674 684
674 985
674 3673
679 686
679 1392
679 4341
679 7642
628 687
628 996
628 1704
628 5197
304 688
304 720
304 765
304 1176
304 8909
688 689
688 917
688 1951
302 690
302 1952
302 8894
302 9395
491 693
491 1080
491 1654
491 2073
491 3753
491 8489
491 8910
412 694
412 788
412 1337
412 2391
595 696
595 1829
595 4497
559 700
559 2191
559 2363
367 701
367 957
367 1019
367 6274
367 8543
540 702
540 1066
540 2905
540 3546
540 4454
690 704
685 706
685 1044
685 1792
685 3857
685 7375
699 707
699 1514
524 708
524 1712
167 709
167 1755
167 7154
430 710
430 897
430 2046
430 5024
430 5715
430 6193
499 711
499 2066
499 8582
580 712
271 713
415 714
415 1013
415 1522
415 1959
415 8892
612 715
612 2289
612 7951
705 716
705 1171
705 5712
705 6278
705 6598
579 719
579 935
579 3738
579 9481
141 721
141 2732
552 723
552 748
552 1331
532 724
532 1360
532 2068
532 8069
372 725
372 743
372 6016
372 7897
584 727
584 782
584 5076
341 728
341 763
341 1202
341 4915
720 729
720 1438
720 5777
720 9374
618 730
618 1097
618 1137
618 3171
618 5489
53 731
53 1237
652 732
652 2845
637 733
637 787
178 734
178 1384
178 3126
576 736
253 737
253 965
253 2218
280 740
280 3155
280 6920
528 741
528 2219
528 5967
528 7591
625 744
625 5832
598 747
598 760
598 1901
598 2476
598 9579
414 749
414 812
414 1169
414 2442
414 3358
406 750
406 899
406 1701
406 2376
406 8690
418 753
418 5867
621 754
621 849
621 6133
621 7852
413 755
413 888
413 1129
381 756
641 757
641 906
641 5510
322 758
322 1699
201 762
236 767
236 1678
236 6970
746 772
746 1007
668 773
668 1022
668 4592
668 5472
740 774
740 853
740 1877
740 4407
740 5640
200 777
200 967
609 778
609 1233
609 1498
609 2164
188 779
188 7017
47 780
603 781
603 1168
603 1240
603 2985
603 3263
603 3474
603 5878
530 783
530 2331
530 4240
530 4435
530 5460
442 784
442 2594
442 5229
442 6377
351 790
351 2086
370 795
370 1252
370 1794
370 2106
611 796
611 2006
611 2048
611 6849
611 7165
505 800
505 1227
505 2477
505 8145
197 803
197 1655
634 806
634 2694
682 808
632 809
632 852
632 1163
632 2625
780 813
780 2852
629 814
629 1091
629 1468
629 1922
629 3759
408 816
408 939
567 818
567 956
567 2309
567 2994
567 6111
492 819
492 1688
492 1985
492 4060
757 820
757 1195
757 2274
757 7755
318 821
318 1306
318 1363
318 2719
318 6300
700 822
547 823
547 1112
547 2301
539 824
539 855
539 987
761 825
761 1974
743 826
743 983
743 8297
722 827
722 832
722 1053
722 2094
722 6590
508 828
508 3755
508 6395
508 7659
781 830
781 2430
781 6658
522 833
522 901
522 1663
522 2779
522 3825
522 8739
830 834
830 1516
830 1935
794 835
794 1735
794 2074
794 5650
447 838
447 1638
447 4686
447 5284
382 843
382 9562
208 848
696 850
696 1429
696 2427
696 3929
507 858
507 974
507 1070
454 859
454 3672
587 860
587 958
587 991
587 4086
798 861
798 3468
798 3652
798 5381
798 7464
795 866
795 3394
795 3731
795 5085
795 5426
792 867
792 1319
792 2353
792 3859
792 9634
832 868
832 6524
846 869
846 2432
846 3618
360 870
360 2037
360 3403
702 872
702 1908
702 2267
702 9185
250 874
250 5478
250 6318
536 875
536 2677
536 4244
536 5994
536 8850
435 876
435 903
435 3521
842 877
842 1136
842 2105
842 4849
842 6610
842 7538
842 7884
870 878
870 5293
870 6824
616 881
616 4365
475 882
728 883
728 1533
728 5419
550 885
550 1340
550 8720
509 886
509 2316
402 887
402 2268
402 2385
310 889
485 890
485 1490
570 891
570 4189
570 8245
570 9498
871 892
871 921
871 1799
871 1939
871 4013
712 893
712 5111
444 898
444 1999
444 2199
444 2503
444 2886
444 4760
309 900
309 5776
309 7984
715 902
715 1853
715 2332
715 6151
715 8956
853 904
853 2162
853 3202
853 4449
853 4518
853 7691
853 9789
716 905
716 1135
716 1589
716 1885
716 3442
716 6727
353 907
353 2336
858 910
858 3749
858 5504
504 911
504 1402
504 3135
504 4440
504 6551
467 913
467 1130
467 2610
467 3861
467 4225
467 7744
228 915
228 2754
534 916
534 5658
376 918
376 4425
376 7381
670 919
670 1705
389 922
389 1023
389 1900
389 2315
389 2917
389 5020
389 6099
221 924
221 1285
221 1329
221 2355
221 7860
135 926
135 1354
724 927
724 1174
724 1238
724 1313
724 1907
724 3269
724 9103
437 929
437 1751
437 3894
437 5204
823 931
823 1114
823 1271
823 6738
823 8830
823 9841
701 933
701 1158
697 936
697 1026
697 1267
697 1841
697 2102
697 7048
697 9991
622 937
622 1394
622 2157
622 3960
622 6195
622 6791
786 938
786 1200
786 1398
786 1786
786 4444
681 941
681 1220
681 1515
681 2580
427 942
427 1486
427 1884
427 3342
427 3604
731 944
731 1385
731 3459
849 945
849 1156
849 3616
849 6857
849 9812
683 948
683 1511
820 949
820 1531
820 1598
465 950
465 1205
465 1629
465 3124
465 3711
733 951
733 5051
733 5689
538 952
368 953
368 3597
368 6316
368 8210
868 954
868 6491
927 955
927 1637
927 1760
927 4420
927 6765
819 961
947 962
947 4517
666 963
666 1763
666 3586
666 3950
814 968
814 1321
814 5336
814 6305
814 9491
707 969
707 2441
707 4838
667 971
667 2446
667 2599
667 7293
845 972
845 8052
428 973
428 2734
428 4034
791 975
791 1315
791 1349
791 3232
791 5537
791 6542
97 976
513 978
307 979
800 981
800 5393
840 986
723 988
723 1095
723 1880
723 2210
723 2942
892 990
925 994
925 1082
925 2015
925 3323
925 3398
623 997
623 1138
623 7515
751 998
751 4103
751 7470
796 1003
860 1004
860 1523
860 2541
860 2614
860 4457
860 7008
278 1008
278 3791
848 1009
848 4626
848 6273
848 8257
506 1011
506 1063
506 1401
891 1012
891 1145
891 2153
891 7645
834 1014
834 1626
834 3499
248 1016
248 2636
778 1020
778 1164
778 2329
778 9684
494 1021
494 1964
494 9159
311 1025
1022 1028
1011 1032
855 1034
855 1796
855 6768
986 1035
462 1038
462 9917
284 1039
284 1180
284 2576
713 1040
713 2717
713 4426
777 1041
777 3849
930 1047
930 1779
930 3416
916 1048
916 5514
676 1049
676 2168
676 7019
851 1050
851 1344
851 1715
851 2539
573 1051
573 1726
396 1056
396 1913
396 2249
396 3399
396 9600
396 9998
180 1058
663 1060
663 3986
783 1061
783 1471
783 1602
783 8357
841 1064
841 2096
841 4763
292 1065
292 6259
811 1067
811 1867
811 4281
575 1068
575 2841
575 3409
575 4067
992 1069
992 4042
992 6019
434 1072
393 1073
393 4719
735 1074
364 1079
364 9026
867 1081
867 1673
867 3432
867 3833
902 1085
902 1562
902 4676
902 8247
211 1087
131 1088
131 1482
131 3965
175 1089
175 2323
175 7248
957 1092
957 1743
957 1978
957 2233
957 2533
957 2620
957 4773
957 5607
957 9485
979 1093
979 1395
979 1809
907 1094
907 1848
907 4029
907 4487
907 7149
907 9029
1029 1096
1029 3072
921 1100
921 3773
378 1103
378 1509
687 1105
687 1691
687 6986
1040 1107
1040 1116
1040 1121
1040 1347
1040 1725
1040 3108
1095 1110
1095 2730
1095 4913
1001 1115
1001 1184
1001 7417
732 1118
732 1165
600 1119
600 2451
600 6439
1098 1120
1101 1122
1101 1279
1101 2530
529 1126
529 2356
529 3448
529 6693
958 1127
958 3101
958 3391
1023 1128
1023 3506
1023 6677
1089 1132
1089 2860
1089 4588
158 1139
158 1203
158 2918
158 5823
158 9778
939 1141
939 8084
939 9983
980 1142
980 3346
980 4208
980 9622
984 1144
984 1615
984 5407
984 8191
984 9643
971 1146
971 2757
971 6251
971 6964
940 1147
940 2018
1110 1155
1110 1181
960 1157
960 2011
960 9432
244 1160
244 1519
244 4163
244 4737
244 4893
244 6689
717 1162
717 1731
717 2919
717 4432
455 1167
455 1298
455 2835
455 2975
455 5372
564 1173
865 1175
865 2935
865 3329
865 9015
1006 1177
1006 1428
1006 8287
1078 1178
1078 1269
1078 4978
1027 1179
1027 3421
569 1182
569 2590
569 2954
569 3201
569 9997
425 1185
425 1472
425 1813
425 3225
425 4234
425 5570
425 5765
882 1187
882 1508
882 1769
882 2143
429 1192
429 3979
1087 1193
1087 1362
1087 2250
1087 2324
1087 8663
836 1194
836 3098
836 7236
1154 1196
1154 1695
1154 1993
1154 3075
1154 6092
1066 1197
1066 2204
1066 3951
590 1199
590 7953
401 1201
1124 1204
1124 1923
1124 4586
639 1206
639 3443
639 5919
639 9916
934 1207
934 3513
1198 1208
1198 1322
1198 9737
941 1209
941 1808
941 3083
941 4615
941 5058
941 8025
758 1213
758 7207
803 1214
803 8530
973 1215
973 1831
973 2016
973 4871
973 5193
615 1216
615 2608
615 3333
615 5736
615 7766
862 1217
862 1547
862 2742
862 3297
1021 1219
1021 2721
1063 1221
1063 2321
1063 8242
833 1222
833 1280
833 3821
833 4147
1127 1223
1127 3387
1127 4303
762 1224
762 1591
762 1672
762 3931
762 6652
762 7722
80 1226
80 7903
837 1228
932 1229
932 2418
932 3199
932 3522
932 5622
1083 1230
1083 8066
1052 1231
1052 1783
1052 3003
1052 3696
1052 8547
631 1235
631 2049
631 4853
631 7598
1169 1236
1169 2522
1169 3122
1169 3560
1169 4124
459 1239
459 1359
459 2347
473 1241
473 1636
473 2434
473 4695
1145 1242
1145 4573
1051 1243
1051 1576
1051 5896
677 1244
677 1926
677 3671
665 1245
665 1953
665 2933
608 1246
608 1644
966 1249
966 1467
966 2847
966 3792
1100 1250
1100 1307
1100 1416
742 1251
742 4409
672 1254
672 1656
672 2722
672 7195
672 9207
926 1255
926 2411
926 2962
926 4991
624 1256
624 9682
500 1257
500 4291
718 1258
718 1268
1255 1259
1255 1420
933 1260
1104 1262
1104 4128
1104 8751
739 1264
655 1266
655 3340
655 3485
1237 1270
1114 1272
1114 2121
1114 4312
1114 5260
1114 8248
822 1273
822 2150
822 3188
822 6169
822 7336
975 1274
975 3662
975 3942
975 9822
844 1275
844 4947
844 4998
204 1276
497 1277
330 1278
330 1611
541 1283
541 1435
541 6391
541 6427
1035 1284
1035 2124
1035 5107
818 1286
818 5375
818 6057
225 1290
225 1422
815 1291
815 1553
815 3016
959 1292
959 2833
959 3140
754 1293
514 1295
514 3384
514 5594
1103 1296
1103 1538
824 1297
1039 1299
1106 1300
1106 2436
1071 1302
1071 3708
1071 3957
385 1303
385 2471
385 9151
727 1310
727 4205
651 1311
651 1326
651 1350
651 3917
651 5670
651 7848
591 1312
591 1550
591 7762
137 1314
137 6893
137 8012
764 1317
764 6968
764 7675
1215 1318
1215 3006
1215 3758
766 1320
766 3682
829 1323
829 1684
829 2809
1301 1324
1301 3178
1301 4726
1301 4788
1301 6034
790 1330
332 1332
332 1861
332 3488
332 5097
747 1333
747 3744
747 4099
747 7061
1327 1334
1327 1666
1327 6424
884 1335
884 2776
884 3257
884 5060
693 1336
989 1338
989 8581
1219 1339
1219 9312
1310 1341
1310 5949
1310 6126
1196 1342
1196 1732
1196 3996
1196 5172
854 1351
854 3379
854 3928
854 7332
1102 1353
1102 5289
1343 1355
962 1361
962 3727
1311 1364
1311 4614
1311 6624
1311 6825
738 1365
738 4206
1190 1366
1190 2416
1190 2807
1190 9042
1190 9878
1190 9938
1223 1368
1223 7205
1223 7254
1191 1369
1191 2950
458 1370
458 2605
458 2992
458 5025
458 6064
896 1372
896 1776
1214 1373
1214 1493
1214 8561
928 1375
928 2556
826 1377
826 1879
826 2389
826 5013
404 1379
404 6150
404 9067
404 9208
807 1382
807 5583
807 7166
1170 1387
1170 1540
1170 9964
1136 1389
1136 1920
1136 3969
1212 1390
1212 2443
1212 8885
1262 1391
990 1393
990 2642
990 5914
1084 1396
994 1397
994 1407
498 1399
498 3787
1043 1403
1043 3343
1043 9975
938 1404
938 2619
938 5235
1320 1405
1320 1588
1320 3507
1229 1406
1229 1607
264 1408
264 1740
264 2080
264 3363
264 4393
660 1409
660 8704
1018 1411
1018 1430
1018 1742
1018 6149
802 1412
802 2216
802 3312
770 1413
770 6001
797 1414
880 1415
880 3067
880 3925
880 5458
785 1417
1271 1423
1271 3041
449 1424
449 7671
1256 1425
1256 9857
1273 1427
1273 1890
1273 2516
1162 1431
1162 8080
1168 1437
1168 8756
531 1439
531 8600
1159 1440
1159 1624
1159 8702
1159 9056
1159 9071
1159 9471
1150 1441
1150 1789
1150 8464
535 1442
535 3345
535 6936
260 1444
260 2621
260 5386
260 6254
260 7450
260 8027
894 1445
894 2529
894 3105
894 3822
894 4357
1435 1446
1002 1447
1002 1730
1002 4230
1173 1448
1173 1597
1173 3249
1173 3366
1173 4503
451 1454
560 1456
560 1724
560 5036
910 1458
910 6272
230 1462
230 7592
1283 1463
1283 4714
1283 7084
1441 1464
1441 1727
1441 8316
864 1465
864 3377
864 5313
864 7982
1277 1469
1277 2762
1277 9154
1202 1470
1202 3306
1202 4554
1202 4636
1184 1473
1184 2400
1184 2428
1184 3679
873 1474
873 2171
873 9161
931 1475
931 3334
1204 1476
1204 3667
1204 3937
558 1477
558 1819
558 1946
558 4394
118 1479
118 6002
118 6895
1036 1480
1261 1483
1261 1932
1261 7842
1436 1485
1436 1555
1436 1937
1436 3300
1436 6981
1436 7530
1304 1488
1304 1905
1304 2292
1304 2960
1304 4345
1121 1489
1121 4097
1121 4396
1121 5294
1121 7424
1380 1491
1380 2577
1380 4850
1380 8096
1368 1492
1368 1585
1368 2657
1188 1494
546 1495
546 3316
546 4494
1482 1496
1163 1497
1163 1911
1163 2573
1163 5129
1049 1499
1049 4673
1049 5636
937 1500
1013 1501
1013 2365
1013 2635
1013 2668
1013 3144
1013 4374
1013 5726
1207 1503
1207 3868
1186 1505
1420 1506
1420 3420
1420 4730
736 1510
908 1517
908 1604
908 2198
1465 1518
1465 1632
1465 4877
358 1520
358 2297
1153 1521
1153 4087
1153 4246
557 1524
1054 1525
1354 1527
377 1528
377 2030
377 9833
996 1529
996 1685
996 4658
1332 1530
1332 7329
1332 9645
801 1534
801 5807
1404 1537
1404 2312
1258 1539
1258 2238
1258 2499
1258 7679
537 1543
537 2116
537 4107
537 4846
1393 1544
1393 3182
1393 3990
1045 1546
1045 2995
340 1548
809 1552
809 1641
809 2624
809 6083
1549 1554
1549 4235
784 1558
784 2362
784 2869
784 3212
784 4831
1077 1559
1077 1784
1077 2507
1077 5251
1077 8233
1077 9706
1254 1561
1254 1917
1216 1564
1216 2009
1216 2244
1216 2792
1216 5624
859 1566
859 2131
859 6052
859 8672
1005 1567
1005 1938
1005 2936
1005 4765
953 1569
953 1583
953 4976
1399 1570
825 1571
825 1670
825 1689
1031 1572
1031 4051
1031 8392
553 1573
553 4282
583 1574
1559 1577
1559 2263
1559 3961
1559 7310
737 1578
737 1682
737 2456
737 3464
737 6358
607 1579
607 3512
607 6819
345 1580
345 1777
345 3576
1415 1581
1203 1582
1203 2493
1203 9005
974 1584
974 2900
974 2911
974 5232
974 6215
787 1587
787 4106
787 5633
787 9846
1539 1594
1539 2545
1539 2615
1334 1595
1334 3855
1182 1596
741 1599
741 1653
741 1958
741 5915
806 1600
1315 1603
1315 2361
1315 3577
1315 7752
1315 7870
1543 1606
1543 1618
1543 2801
729 1608
729 1697
729 1798
729 5275
729 8390
1242 1610
1242 4747
755 1612
755 7621
1361 1613
1361 3097
1361 3243
1361 7192
1056 1614
1056 3803
1056 3907
1152 1617
1609 1621
1609 4515
698 1622
698 3768
1003 1625
312 1628
704 1630
704 1856
704 2463
704 3692
704 5574
1622 1631
1622 7283
403 1633
403 1836
403 3444
403 3530
403 3655
950 1634
950 3657
950 6204
950 8229
1268 1639
1268 4854
675 1640
675 2882
1459 1642
1459 2401
170 1643
170 1868
170 2134
170 4112
170 7511
1558 1647
1558 1669
810 1648
810 1916
810 4728
1234 1649
1234 3477
453 1650
453 5853
453 6102
1486 1651
217 1652
217 5931
1128 1657
1128 2326
1128 5088
1440 1658
1440 2097
1440 5106
1440 5316
1440 7447
1272 1659
1272 1747
1562 1660
1562 2656
1389 1661
1389 2152
1389 6384
744 1662
744 2915
744 6577
744 8580
1356 1664
1356 2189
1356 7456
1597 1665
1597 2130
1514 1668
1514 2924
1514 3827
1514 4468
1573 1671
1573 2026
1573 3090
1573 7394
1573 8239
863 1674
863 7507
897 1675
897 2058
897 3579
1390 1677
1390 2923
1390 4199
1236 1679
1236 3217
1236 7148
1501 1680
1501 4510
1501 7242
1555 1681
1555 5168
1555 8624
1623 1683
1623 5982
1623 6898
669 1693
669 2713
669 7102
669 7414
289 1696
289 2502
289 4358
289 4416
289 4551
658 1698
658 3121
658 7729
917 1700
917 6696
1641 1703
1641 2333
1641 5598
1660 1707
1660 1834
1660 2370
1660 2578
1660 3042
397 1708
1069 1709
589 1710
878 1713
878 1987
878 6685
1466 1714
1466 5094
1466 6000
981 1719
659 1720
659 8903
586 1721
586 2940
586 3453
586 7707
1057 1722
1057 4975
1057 8478
1572 1723
1572 2084
1572 8725
1225 1729
1225 1895
1225 2898
1353 1733
1353 1807
1353 4957
1115 1734
1115 2865
1189 1736
1189 4929
1189 6487
839 1737
839 3478
839 8022
1455 1738
1455 4912
1455 5612
689 1739
689 4295
171 1745
171 3680
945 1746
945 2429
1694 1749
1694 3977
1694 4879
1694 7861
1299 1750
1299 5119
1067 1752
1067 5519
1067 6094
319 1753
319 1812
1278 1754
1278 1828
1278 7913
1278 8620
857 1759
857 5974
857 7687
1062 1761
1062 1914
1062 2464
1062 9486
439 1762
439 3331
439 8064
1222 1764
1222 1855
1222 2922
1222 7042
1449 1765
1449 2031
1449 5322
1449 8815
1761 1767
1175 1768
1175 2412
1175 2552
1175 2654
944 1770
944 3770
1269 1772
1269 3414
1269 4064
1269 5210
1269 8237
1633 1773
1249 1774
1249 7072
1249 9267
1357 1775
1091 1782
1091 1893
1091 2715
1495 1785
1495 3649
1308 1788
1308 4734
1346 1791
1346 2286
1346 9557
1260 1793
1260 1918
1260 3612
1260 5756
1260 5808
1038 1795
1038 2896
1038 4222
893 1797
1037 1801
1037 3382
1037 6681
1037 7960
1037 9343
1603 1802
1603 5639
1603 7076
1156 1805
1156 2358
1156 4038
438 1806
438 2588
838 1810
838 9961
835 1811
835 2260
1487 1815
1487 2419
1487 7160
1741 1816
1195 1817
1195 2367
1195 4741
1195 4815
1195 5239
1072 1818
1072 2010
1072 4580
1462 1820
1462 3610
1462 5471
1211 1821
1211 2589
1211 6540
1252 1822
1252 3215
1252 3287
1252 3829
1736 1827
1736 4156
1250 1830
257 1832
257 2322
257 2934
257 9315
1058 1833
1172 1835
1172 2090
1172 4155
1172 4715
1172 8148
1358 1838
1358 2137
1358 5954
1267 1839
1267 3461
1479 1840
1479 7079
1074 1842
1074 2318
1074 2903
1074 3691
1457 1843
477 1844
1355 1845
1355 4278
1355 8794
1208 1846
1208 2063
1208 3106
1208 4786
1665 1847
1665 2170
1665 3077
1665 3508
1665 4801
1778 1849
1778 3259
1456 1850
571 1851
571 3515
571 3757
571 5521
571 8181
1151 1852
1151 4997
1294 1854
1294 2271
1294 4270
1294 4762
1367 1857
1367 6514
1367 8911
1367 9854
1112 1859
1423 1860
1423 1909
1423 3976
1489 1865
1489 1878
1560 1866
1560 3032
1560 4650
1560 9168
1138 1870
1138 2047
1138 2209
1138 4945
288 1874
288 3038
1746 1875
1746 2640
869 1881
726 1882
726 2501
726 6759
1570 1883
1570 4431
1570 6888
1636 1888
1636 8113
1637 1889
1637 7997
556 1892
556 3321
1550 1894
1675 1897
1675 2032
1447 1898
1546 1902
1546 4419
1525 1903
1525 3723
1410 1904
1410 6530
1379 1906
1379 2206
1379 8353
913 1912
913 5962
997 1915
1771 1919
1517 1925
889 1927
799 1928
799 1998
799 3413
1624 1929
949 1930
949 4026
949 7806
1480 1933
1705 1934
1705 2282
1705 4749
995 1936
995 2017
995 2360
1280 1940
1280 2338
1510 1941
1510 2357
1510 2908
1510 3049
1510 8769
977 1942
977 6368
614 1943
1742 1944
1906 1945
1906 3176
1144 1947
1144 2194
1144 2579
1144 3594
1612 1949
1612 6284
706 1950
706 1995
706 2002
920 1954
920 2649
920 6288
1351 1956
1351 2299
1351 2983
1351 3013
1351 9728
182 1960
182 6613
1209 1963
1209 5281
1607 1965
1607 7575
1349 1967
1349 4196
1349 8368
1289 1968
1289 2295
1289 4652
578 1969
578 3291
578 4655
578 5066
578 5481
972 1970
972 3677
745 1971
1733 1973
1733 2684
417 1975
417 6286
417 9868
763 1977
763 4015
763 4772
1620 1979
1620 5837
1620 5895
1620 7959
1851 1980
1851 2001
1851 7681
1563 1981
1563 4619
1563 5645
1798 1982
1798 4057
1798 5057
773 1983
773 4911
1827 1984
1702 1988
1702 6760
1702 9472
881 1989
1594 1991
1594 6030
1594 6674
1594 7330
1522 1992
1522 2483
1522 2653
1306 1994
1306 3854
1306 4132
680 1996
680 2113
680 2937
680 8932
1450 1997
1450 4571
1450 7054
1165 2000
1165 3736
1777 2003
1777 3127
483 2004
483 2712
1978 2007
1863 2008
1863 4188
1863 9651
817 2014
817 4315
1811 2019
1811 9234
1980 2020
1566 2021
1566 9626
1762 2023
1762 3367
1826 2024
1946 2025
1946 2240
1946 3630
1445 2029
1445 2402
1445 3611
1445 6217
691 2034
691 2128
691 4467
691 4881
691 5430
1953 2035
772 2036
772 2660
772 2826
772 7030
772 7979
1458 2040
1458 3164
1458 5872
1228 2041
1228 4239
1228 6938
1228 8137
1999 2042
1999 2566
1999 3150
1503 2043
1314 2044
1314 5751
922 2050
1704 2053
1704 8816
1984 2055
1984 2871
1322 2056
1322 2208
2038 2057
2038 3074
400 2059
1806 2060
1806 2308
1806 4302
1235 2061
1235 3540
1484 2062
1050 2064
1050 2140
1050 8854
2063 2065
2063 2584
2063 3120
2063 8905
1974 2067
1166 2071
1166 2687
1166 4329
1166 8889
1366 2075
1366 2226
1533 2076
1533 4279
1533 4280
1533 6053
1463 2077
1463 4224
1878 2078
1878 2108
1878 2547
1878 4723
1581 2081
1581 4572
1581 4974
1581 5730
1581 6543
1073 2087
2001 2088
2001 2791
2001 3802
1825 2089
1825 2946
1825 5846
1825 7815
1523 2091
1523 3073
1523 4040
1523 4531
373 2092
1451 2095
1451 4114
1451 4939
1451 6556
1602 2099
1602 2952
1758 2100
1758 2794
1869 2107
1869 4475
1869 8975
1830 2109
1830 2603
1830 2863
1991 2110
1991 3151
525 2111
525 2142
649 2114
1245 2115
1245 4928
1245 8054
1245 9672
1866 2117
1866 5724
1575 2119
1575 3943
1575 5245
749 2120
749 4241
749 7049
749 7983
877 2123
877 7942
489 2125
489 4387
489 4564
1251 2127
1485 2129
1485 3234
1485 4605
1485 6969
626 2132
2123 2135
2123 5047
2123 7126
2123 8686
1506 2136
1506 5422
1723 2139
1723 5856
1723 6522
1374 2141
470 2144
470 7150
1176 2146
1176 6213
1176 9123
1817 2147
1817 2989
1891 2148
1009 2151
1009 3841
2061 2154
2061 2325
2061 4556
585 2156
585 3370
585 9753
1763 2158
1763 2683
1099 2159
1099 2963
664 2163
647 2165
1652 2166
1652 2949
1652 6966
1652 7486
2156 2167
2156 4438
1287 2169
1287 2867
1287 2888
1287 6087
1287 6688
1632 2172
1632 2272
1632 4339
2065 2173
2065 6219
2065 6393
2065 7711
1648 2174
1648 3873
2009 2175
2009 3051
2009 5727
2009 7643
1481 2176
1481 2796
1481 4677
1481 8226
1481 8931
1147 2177
1147 3585
392 2180
392 2445
2012 2181
1958 2182
1958 2998
1958 3542
1958 6026
1958 6947
1020 2183
1020 3553
1020 6743
1020 9764
721 2184
721 2565
721 9509
1408 2185
1384 2190
1384 2510
1316 2192
1316 3638
1316 7199
903 2195
903 2646
903 3633
903 5029
2028 2196
2028 7012
1985 2197
1233 2200
1818 2201
1818 9043
436 2202
1930 2203
1930 3889
555 2205
555 4461
555 4888
555 8162
555 8643
1532 2207
1921 2211
653 2212
653 6098
2035 2213
1478 2214
1478 7551
1478 8173
1387 2217
1387 3935
1387 5549
1387 6085
79 2220
79 6209
1105 2221
1105 4091
1105 6820
1105 8554
2104 2222
2104 4178
2104 6197
606 2223
1834 2224
1834 4152
2140 2225
2140 3179
2140 7525
2140 9006
2080 2227
2080 2478
2080 5975
2080 5981
1673 2228
1673 3756
793 2229
1952 2230
1952 3870
1952 3932
1952 7087
1920 2232
1920 2490
1920 5181
2073 2234
1246 2236
1246 2703
1246 2856
929 2237
929 2731
929 5737
929 8796
929 8827
929 9243
1810 2239
1928 2241
1928 6777
1706 2242
1706 2548
1939 2243
1939 7727
730 2245
2142 2248
2142 4318
2142 8430
983 2251
983 3804
983 5015
983 7331
983 7581
1872 2252
1872 2431
1872 5349
1872 5983
224 2253
224 5272
224 7718
2199 2254
2199 3137
2199 3417
1715 2255
1715 2435
1715 5491
1820 2256
545 2257
545 9242
765 2258
765 7415
1137 2259
2017 2261
2017 6828
2017 9500
1751 2264
2201 2265
2201 6492
2201 9045
998 2266
998 2409
998 3888
1201 2269
1201 9816
2112 2270
2265 2273
2265 3613
2265 8783
885 2275
885 6260
2121 2276
2121 3632
2121 3966
2121 8224
1766 2277
1340 2279
1340 2695
1340 3582
1945 2280
1945 2524
1945 5054
725 2284
1339 2287
1339 2804
1243 2288
1243 3096
1243 5337
1689 2290
1454 2291
1454 4896
1745 2294
1783 2296
1783 5675
2242 2300
1841 2302
1841 6234
1841 7999
1805 2303
1703 2305
588 2306
1914 2310
1914 6975
1336 2311
1336 2433
1996 2313
1802 2314
1802 4433
1802 8408
1130 2317
1130 3810
1130 8171
1085 2319
1085 5782
2160 2320
1407 2327
1426 2330
1426 2638
1426 6924
321 2334
321 9881
1661 2335
1661 7706
1661 9288
2312 2339
2312 4746
2312 6124
2312 7144
2165 2341
2165 3456
2165 9670
1257 2342
1257 2659
1257 2979
1797 2343
1631 2344
1631 3687
1631 6636
1631 6874
1922 2345
1922 3584
1922 6022
1922 6179
1922 6997
1922 9460
518 2346
518 2878
518 8834
1895 2348
2197 2349
2197 3517
2197 3596
2054 2350
1230 2351
1230 8831
1929 2354
1929 3550
2091 2359
2089 2366
2089 3916
2089 5810
1994 2368
1994 2407
1994 6749
1994 9239
1923 2369
1923 7393
1683 2371
1683 4094
1683 4403
1774 2372
1774 3154
1774 5980
1628 2374
1628 3590
1628 9694
1424 2375
1424 5155
1424 8206
1917 2378
1904 2379
1904 3767
205 2381
205 2984
205 5298
2302 2382
2302 4385
2302 8882
942 2383
942 6161
1437 2384
1437 4201
1437 4323
1437 6555
1437 9720
419 2386
1505 2390
2145 2392
1107 2394
1107 5438
1473 2395
2100 2396
1417 2397
1417 2506
1417 4627
1888 2399
613 2404
613 3035
613 4666
613 8707
1760 2405
1760 4059
1760 8719
982 2406
982 7799
982 9398
2342 2408
2342 5367
2342 6445
1688 2410
1688 7428
2119 2413
1350 2414
380 2415
2002 2417
2002 2821
2002 3991
2002 6726
1686 2420
1686 3190
1686 5813
2227 2421
2227 5188
2227 6281
565 2422
565 7416
1750 2423
1017 2424
1017 6639
1871 2426
1871 2868
1871 2991
1871 4827
1871 6258
1016 2437
1016 2672
1016 4547
1016 5317
1068 2438
1068 6788
2343 2439
2343 4830
1534 2440
1534 3317
410 2447
410 7741
1977 2448
918 2449
2105 2450
2105 2793
2105 6381
1992 2452
1992 6485
1992 7926
1004 2453
1004 2839
1657 2457
1657 2939
1653 2458
1653 4606
1653 9499
2384 2459
2384 4791
1044 2460
2178 2462
2178 3085
1687 2465
1687 2575
1687 3221
2122 2466
2122 4575
2122 5092
2425 2468
2425 2519
2425 5999
2425 7746
2425 8573
1497 2469
970 2470
970 4886
805 2473
805 4384
805 4532
750 2479
750 7944
753 2480
753 9318
1520 2481
1520 8504
2159 2482
2159 2497
2159 5355
2159 6775
1862 2484
1862 2634
1862 4050
1862 6503
1951 2485
1767 2486
1767 5646
1767 6266
2293 2489
2293 7571
1109 2491
1109 3272
2345 2492
2478 2494
2478 3607
2478 8384
1205 2495
1205 2947
1143 2496
1143 2782
1143 2810
1143 3910
2456 2498
2456 3661
2456 6132
2467 2500
2467 6614
2467 9310
2303 2504
2303 3856
2303 9608
2021 2505
2021 2707
2021 8134
2283 2508
2283 4483
2283 6592
2283 8538
1518 2512
1518 2799
1518 4897
1518 7027
2005 2513
2005 6728
2005 9387
2224 2515
2224 4823
1858 2517
1858 3341
1858 5851
1241 2520
1724 2521
1724 2704
1724 4595
1724 5749
1852 2523
1852 6084
2255 2525
2255 3933
961 2526
961 3997
961 5165
961 8961
2479 2527
2479 9088
2139 2528
2139 5236
2139 6436
1427 2531
1427 2549
2323 2535
2323 5992
2323 7505
1646 2537
1898 2538
2469 2540
2469 4557
2208 2543
2208 7839
2115 2544
1882 2546
1882 7811
1326 2550
1326 3726
767 2551
1947 2553
1947 4179
1947 5328
1947 8628
2086 2554
2086 4195
605 2555
605 3467
605 7898
2016 2557
2288 2558
804 2560
804 5946
804 6458
804 8608
1416 2561
1416 5747
1416 6629
1416 7826
1416 8846
2400 2562
2400 8772
2291 2563
2291 4876
2291 9010
2497 2568
2497 7633
2514 2569
2514 4361
2196 2570
2182 2571
2182 5433
1397 2572
1397 2630
1397 8914
686 2581
686 7033
527 2583
2158 2586
2158 2820
2158 8309
1879 2587
1879 6013
1879 7385
1879 7554
2513 2591
2513 2711
1709 2592
1709 2678
1709 4149
2209 2593
1865 2595
1865 2714
1865 3701
1865 4404
1865 5090
1865 5191
1865 6919
1498 2596
2442 2598
789 2600
789 4388
852 2601
2043 2604
2043 3734
1656 2606
1656 2825
2433 2607
2433 2743
2433 3247
2433 5912
2433 6609
1890 2609
1949 2611
1949 5817
1949 9417
1556 2612
1556 4519
1556 4625
1556 8607
2529 2617
2529 2887
2529 3567
2228 2618
2228 5526
2228 6380
2228 6400
2228 6779
2192 2622
2192 7422
2146 2623
2146 2632
2146 5871
1926 2626
1926 7498
1178 2628
2539 2629
2539 7059
1535 2631
1535 5089
1535 5951
1535 7171
2194 2633
2194 7109
2300 2637
2300 3315
2300 3715
1248 2639
1248 3771
1490 2643
2496 2644
2496 7698
2496 8698
2627 2645
2627 6561
1030 2647
1030 4161
1030 6080
1912 2648
466 2650
466 2892
2455 2651
2455 7555
2455 8163
1081 2652
1081 6403
2359 2655
2359 3650
2359 3656
2359 5653
2458 2661
2458 8036
1218 2662
604 2666
604 4651
604 5464
2354 2667
2354 8590
636 2669
1619 2670
2441 2671
2441 4190
561 2674
1845 2675
1845 8024
1845 8748
2533 2676
2533 8714
2533 8837
1592 2679
1592 3322
1592 4016
2175 2680
2093 2681
2093 3248
2608 2682
2608 4727
2608 5412
1318 2686
445 2688
445 7758
1442 2689
1442 4327
1442 4769
1442 5479
684 2690
684 6245
684 9906
1046 2691
1046 7562
1046 8633
2298 2692
2298 2834
2298 8980
2473 2693
2473 2874
2428 2698
2503 2699
2503 2788
2654 2700
2654 3347
2654 9171
1678 2701
1678 4546
1678 5109
1678 5154
1678 8378
1764 2702
1764 3401
1764 6330
1626 2705
1626 4618
2350 2706
2350 9566
2350 9948
2373 2708
2373 4459
2373 8388
1492 2709
1492 3660
2572 2710
2572 7889
1012 2716
1012 3901
1896 2718
1896 5344
1975 2720
2272 2724
2272 4561
2237 2725
2436 2726
2436 4776
1844 2727
1329 2728
2509 2729
1300 2733
1300 5138
1300 6378
2438 2735
2438 3984
2438 5937
2544 2737
2544 5452
2544 6144
2396 2738
2396 3794
2385 2740
2385 2885
2385 5021
2385 5542
2385 6538
2385 7544
1933 2741
1983 2744
1983 4039
2339 2745
2339 4489
671 2746
671 9897
2705 2747
2705 3501
2705 3703
2705 7871
199 2748
199 2921
199 4101
2700 2749
2700 3012
2377 2750
2098 2751
2098 5938
2684 2752
2684 6585
2684 8732
2079 2753
2079 3056
2079 3251
2079 7510
2498 2755
2708 2756
2155 2758
2155 6135
2155 6311
2739 2759
2739 3721
2739 5995
2739 8599
2739 8782
2586 2760
2586 5666
2586 7267
2170 2761
2170 5332
856 2764
856 4924
856 9346
752 2766
752 2895
1731 2767
1731 5876
1748 2768
1748 7909
2687 2769
2687 3019
2687 7488
77 2770
77 3869
77 7910
77 8665
2051 2772
2686 2773
2686 3874
2686 5764
914 2774
914 3219
1642 2775
1412 2777
2108 2778
2108 4159
2108 5529
2108 6706
2601 2780
2601 3267
1281 2781
1281 2941
2262 2783
2262 4044
2638 2785
2638 3028
2638 6976
1590 2786
1590 2932
1364 2787
657 2789
657 4098
657 7339
1867 2790
1867 4895
1867 7604
1444 2795
1444 3146
1444 3783
1444 5269
1444 6350
1444 9017
1015 2797
1835 2798
1835 3805
1835 3814
1835 4795
2215 2800
2215 7804
1540 2802
1540 5688
1540 6506
1540 8249
2715 2805
2715 8065
1582 2808
1582 3603
1582 3947
1582 4134
533 2811
533 7353
1146 2812
1146 2853
1146 6470
1146 7031
2071 2813
2776 2814
2763 2815
2763 2846
1181 2817
1181 3149
1181 9339
923 2818
923 3407
2525 2819
1438 2822
2581 2824
965 2827
2411 2828
662 2829
1662 2830
1662 3705
1662 3864
1662 9977
2713 2831
265 2832
265 5055
265 6892
1769 2836
1769 4529
1769 9709
1561 2840
1561 3007
1561 4379
1561 5256
1561 7299
2387 2842
2770 2843
2770 2926
2770 3018
2770 3710
2770 4321
2770 8193
511 2844
511 8865
711 2849
2706 2851
2706 7315
2391 2854
2391 5615
1276 2857
1276 4140
1655 2858
1655 3223
1792 2859
1792 4330
1753 2861
1753 9147
2435 2862
2435 5101
2435 7489
2435 8553
2319 2864
821 2866
2251 2870
1790 2872
1790 5744
2447 2873
2447 6675
909 2875
1716 2876
1716 5208
1116 2877
1116 4002
2243 2879
2243 3762
1775 2880
1775 3000
1775 5081
2399 2881
2399 6449
1831 2883
1282 2884
2006 2889
2006 6835
1134 2890
1134 8817
1735 2891
1735 4020
1735 4262
1629 2893
1729 2897
1729 4979
2407 2899
2407 3497
2407 7471
2082 2901
2254 2904
2254 6119
2254 7343
2106 2906
2106 7105
1541 2907
1541 4930
2552 2910
2267 2913
2267 3877
2267 5365
2267 5495
2267 6147
2267 7714
2349 2914
2349 4970
2096 2916
1738 2920
1738 3471
1738 7970
2604 2927
2604 4500
1664 2928
1460 2929
1460 2967
2018 2930
2018 7281
1788 2931
1788 7290
2218 2938
1634 2943
1634 3837
1122 2948
1122 4843
1122 8014
850 2951
850 3020
850 4988
850 5870
1881 2953
1551 2955
1959 2957
1959 3354
1964 2958
1964 6742
2290 2959
2290 3200
2290 3410
2290 6921
2852 2961
2852 3242
2852 3344
883 2964
2799 2966
2799 9170
2219 2968
2219 5735
2219 6684
2528 2969
2528 4238
2528 5329
2701 2970
2701 3100
1616 2971
1616 5116
2470 2972
2803 2973
2803 8214
2803 8826
2803 8873
2803 9004
1359 2977
1359 4768
1359 7225
1359 8589
1359 9986
2256 2978
2007 2980
1993 2981
1993 3557
1800 2982
1800 7941
1718 2986
1718 3258
1718 5717
1120 2987
2014 2993
2014 3130
1476 2996
2814 2997
2814 3326
2814 3620
2814 6104
2630 2999
1832 3002
1832 5163
1832 6158
2565 3004
2565 3046
1174 3008
1174 4429
1174 9134
2361 3010
2361 3388
1972 3011
1972 5048
2193 3014
2281 3021
2092 3022
551 3023
551 7954
551 8853
2244 3024
2486 3025
2921 3029
2921 3110
2807 3030
2807 3143
3000 3031
2886 3034
2886 3880
2886 8405
985 3037
2330 3039
2737 3040
2737 4479
2737 4785
2737 8605
2328 3043
2328 4885
650 3044
650 6455
650 9571
2532 3045
2532 6012
2532 6018
2960 3048
2960 3378
2960 3428
2960 5028
2960 7259
1007 3052
1007 4721
1007 4743
1007 5445
1007 6999
1007 8156
2214 3053
2214 3224
2214 5290
2214 6965
476 3054
1565 3055
1565 6866
1565 9197
2711 3057
2711 3425
2711 5647
3036 3058
3036 8042
1132 3059
1132 3195
2801 3060
1897 3061
1897 4310
2401 3062
2401 4537
2401 6412
2401 6863
1645 3063
1645 7425
1685 3064
1292 3065
1292 9639
2678 3068
2678 6890
3013 3069
3013 3875
3013 4873
3013 5738
1696 3070
1696 3389
1696 5772
1808 3076
1808 4058
808 3078
808 9317
1470 3079
1470 3463
1470 3706
1470 4075
1470 9365
2032 3080
2444 3082
2444 4113
2444 7660
2444 8729
1160 3084
1160 4096
1160 7753
2481 3086
1385 3087
331 3088
331 7564
1604 3089
1604 4080
2628 3091
1576 3093
1576 4175
1576 5202
1576 8371
2515 3094
2515 4137
2515 6091
1226 3095
1226 9172
1226 9828
1692 3099
1692 5545
1692 7238
1692 7603
2379 3102
2379 3465
2379 3602
2379 6546
2379 8618
298 3103
298 6122
298 9340
1183 3104
2045 3107
2045 5311
2904 3109
2904 6910
2904 7055
2904 7224
2429 3111
2429 3236
2429 3509
2284 3112
2284 5382
2284 9089
1086 3113
1086 3191
1086 5297
1448 3114
1448 4607
2571 3115
1507 3116
1885 3117
1885 3296
1885 3601
1885 3668
2480 3118
2480 3741
2480 7668
2088 3123
2863 3125
2863 3595
2863 5957
2863 6687
2880 3128
1118 3129
1118 5609
1118 5627
2530 3131
2530 3434
1934 3132
2264 3133
2724 3134
2724 3385
2724 5157
2724 6354
1932 3138
1932 3351
1932 4894
2988 3139
2988 7680
2988 9745
1375 3141
1909 3145
2683 3147
2683 4548
2563 3148
2563 7549
2546 3152
2546 4411
2546 5270
2546 8509
2600 3153
2600 3400
2600 4412
2600 5179
1967 3156
2212 3157
2212 7867
2597 3158
2878 3160
2878 5540
2084 3162
1033 3163
1033 4919
1033 9597
2848 3165
2848 5901
2919 3166
2919 5395
2919 5755
2919 6659
3146 3167
3146 3908
1092 3168
1092 7795
3096 3169
3096 3375
2714 3172
2714 3511
2714 9483
2120 3173
1047 3174
1047 6539
3111 3175
2741 3181
2741 3324
1776 3183
2236 3184
2445 3185
2445 3216
2392 3186
2392 7868
760 3187
1838 3189
2367 3192
2367 9669
1536 3193
1536 5046
3128 3194
3128 3995
3128 5494
3056 3197
3056 4006
1161 3203
1161 3564
1161 8473
1161 9732
1601 3205
1786 3207
1786 5943
3062 3208
3062 3424
3062 4720
3062 6902
1658 3209
2913 3210
2913 4296
2913 6136
2889 3211
2889 4443
3130 3213
1780 3214
1840 3218
1840 4506
2289 3220
2289 6580
3165 3222
1966 3226
1966 3437
2930 3227
2930 5507
2432 3229
2432 3528
2188 3230
2188 4955
2527 3231
2527 3852
2726 3233
1801 3237
1801 7089
1701 3238
1701 3368
1701 6073
1701 6265
1701 7882
1319 3240
1371 3245
1371 3278
1443 3250
1443 3941
3046 3252
3046 4567
347 3253
347 8601
2809 3254
2259 3255
1989 3256
1989 3752
1989 4878
1989 8522
2784 3260
2870 3262
2870 4569
2870 8945
3253 3264
3253 3683
3253 4033
3253 5068
3253 8260
1877 3265
2746 3268
2746 3380
2226 3270
3023 3271
2505 3273
2505 8997
2297 3275
2297 7095
2036 3276
2126 3279
2712 3280
2712 3493
2712 6177
503 3281
503 5988
503 9559
1886 3282
2745 3284
1899 3285
1899 6430
3232 3286
2296 3288
3230 3289
3234 3292
2750 3293
2750 5642
1944 3295
2882 3298
2882 8020
1598 3299
1598 5383
1598 6160
1598 6301
2523 3301
1584 3304
2050 3305
2050 4054
1695 3307
1695 9235
3124 3309
2598 3310
1372 3311
1538 3313
1405 3314
1829 3318
1829 4353
1829 6056
2278 3319
3118 3320
1548 3325
3086 3328
3086 9832
3324 3330
3324 4784
3324 8694
3324 9909
1907 3332
1907 7656
2933 3335
2933 3790
1900 3336
1900 8753
843 3337
843 7763
3292 3338
3292 4960
3292 7196
3177 3339
2738 3349
2738 4916
2738 6836
1670 3352
2709 3353
1599 3355
1599 4949
1599 9831
2722 3356
2722 6422
771 3357
771 9274
2506 3359
2506 7933
2506 8631
2506 8928
1032 3360
1032 4718
1697 3361
1697 4138
1697 6103
3067 3362
3067 3962
3250 3369
1082 3371
1082 4761
2934 3372
3343 3373
107 3374
107 8934
2317 3376
2317 5725
692 3381
692 3884
692 7337
2997 3383
2997 3541
2997 5140
2997 7114
2838 3386
2838 5916
2375 3390
2710 3392
1821 3393
1700 3395
2853 3396
2853 7328
2853 8011
1809 3397
1809 7812
3247 3402
3247 5991
1979 3404
1979 4254
2894 3405
2894 3953
3106 3406
3106 7463
3106 7963
3106 8023
3106 8821
2856 3408
2856 3871
1990 3412
2812 3415
2812 5706
2812 6700
3192 3418
3192 4777
2029 3419
2596 3423
2596 3678
2596 4937
2973 3426
3328 3427
3328 4863
2538 3429
2810 3430
2810 5250
2810 6880
2836 3431
2836 6839
2859 3435
2859 7803
2019 3436
2019 3865
1509 3438
1509 9245
2027 3439
2027 4125
2027 6730
2027 7155
2483 3441
2846 3445
2846 3628
2846 4860
2846 6711
2846 9680
2833 3446
3063 3450
3063 5568
3063 7566
3173 3451
3326 3452
2824 3455
2867 3458
2649 3460
2649 5734
2475 3462
952 3466
952 4369
952 6394
952 8849
3381 3469
2610 3470
1591 3472
1591 3486
1591 6369
2109 3473
2053 3476
2053 6483
2053 9945
1179 3479
1493 3480
1493 4289
1333 3481
1333 5200
395 3482
395 3569
775 3483
775 3764
775 4122
775 5292
1199 3484
1199 3681
2039 3487
2039 4261
2039 6694
2039 8299
2304 3489
2304 3496
2304 5159
2304 8051
2443 3490
2443 3737
2443 3839
2902 3492
2902 7760
2210 3494
2210 6801
2996 3495
2566 3498
2566 3625
1406 3500
1406 4940
2329 3502
2329 3520
2329 5039
2616 3503
2616 4502
1846 3504
1034 3505
1034 4306
1995 3510
1995 5917
3461 3516
3461 9591
2424 3518
2424 4227
3068 3519
2464 3523
2464 8486
2464 8992
2464 9655
3503 3524
3503 6868
3183 3525
3183 4600
2759 3526
2759 4202
3405 3527
3405 9844
3519 3531
3519 7994
1676 3532
1676 4174
1676 6691
2698 3534
2698 4539
2698 6935
3018 3535
3018 4709
3018 5194
3018 8813
3018 9463
956 3536
956 5936
876 3537
441 3538
441 6669
646 3539
646 8539
1388 3543
1388 3993
1755 3544
3439 3545
2972 3547
2972 8004
2778 3548
2778 4242
2778 7461
2778 7504
2843 3549
2273 3551
2910 3552
572 3554
572 4292
572 6989
1807 3555
2143 3558
3443 3559
3255 3561
3255 3878
3255 5018
3255 6123
3255 9722
2773 3562
2773 4959
2773 9880
2977 3563
2977 7531
3297 3565
3297 6399
1850 3566
1850 4755
3212 3568
3212 7929
3225 3570
3024 3571
3024 5576
1567 3572
1567 6671
1567 7179
1567 7787
2792 3574
2066 3575
2066 3913
2066 4653
2066 6374
3501 3578
3501 5346
1588 3580
2484 3581
2484 4604
991 3583
3132 3587
3132 4072
3132 6244
3132 6736
2590 3588
3571 3591
3571 5590
3571 8511
3449 3592
3449 4874
3449 5304
3449 8009
2426 3598
2426 4158
3057 3599
3057 6932
3488 3600
3188 3605
3264 3606
3264 9581
1649 3608
2232 3609
2232 4474
2232 6581
2232 6731
510 3615
510 8288
448 3619
2402 3621
2402 3622
1617 3623
1617 3653
2136 3624
3330 3626
3330 9342
1177 3627
3496 3629
2252 3631
2252 4624
2252 4700
2252 6390
2252 9865
2177 3634
2177 9893
2908 3635
2908 4984
3114 3636
3114 4030
3114 6702
3114 8475
1739 3637
1739 7853
3167 3639
3167 3992
3167 7371
3167 8859
1824 3640
1824 9763
2768 3641
2900 3642
3490 3643
3490 6493
3490 8801
2881 3644
872 3645
872 7289
912 3646
601 3647
601 5005
601 5659
1402 3654
1402 5145
1286 3658
1286 6856
1286 7234
3442 3659
2487 3663
2487 5733
3252 3664
2341 3665
2341 5482
2898 3666
2898 3998
2898 4305
2898 7686
2898 7777
3103 3669
3103 4671
3103 4870
3103 8438
3375 3674
3375 7070
3375 9842
3674 3675
3674 5556
3339 3676
2805 3684
2805 4233
2805 5641
2805 9947
2721 3685
3150 3686
2471 3688
2840 3689
2840 4120
1378 3690
1956 3693
1956 7814
3552 3694
1717 3695
1717 4172
2087 3698
1868 3699
1868 4890
2974 3700
1129 3702
1129 4704
3321 3704
3321 6495
3321 7143
3321 8135
3321 8514
3502 3709
788 3712
788 4641
788 8377
2211 3713
2211 6872
2211 8717
2577 3714
2577 5990
2081 3716
2971 3717
2971 4288
968 3719
3154 3720
3154 6200
2817 3722
2817 3816
2817 4875
2817 7602
2817 9283
3270 3725
3270 4220
2947 3728
2947 4023
2537 3729
2742 3730
3495 3732
3495 5410
3495 9803
3366 3733
3366 4200
3366 4623
3099 3735
3222 3740
3222 6156
1859 3742
1859 3887
1512 3743
1512 7735
1512 7773
1823 3745
1823 5500
2046 3746
2046 6744
3433 3748
3433 4956
1414 3751
1414 5315
2747 3754
2747 4177
2747 6529
1097 3760
1097 5190
1097 6617
2310 3761
2163 3765
2830 3766
2830 3824
2830 6127
3677 3769
3677 4710
2780 3772
2780 5498
2780 7648
630 3775
630 4198
630 4485
630 5456
3294 3776
3294 9678
1475 3777
1475 6442
3107 3778
3107 5476
1028 3779
1028 4813
2662 3780
3110 3781
1848 3782
1684 3784
1684 4659
1684 7629
3298 3785
3298 5800
2305 3786
2305 9758
1595 3788
1595 4744
1595 5539
3075 3793
3075 5053
3075 5667
3075 9496
2380 3795
2380 5040
2380 5280
1041 3796
1041 5554
3399 3797
3399 6423
3308 3798
2138 3799
2138 4008
2138 5575
520 3800
520 9319
3364 3801
3364 5729
2152 3806
2152 9654
3176 3807
3737 3808
1593 3809
1593 5183
563 3811
563 3982
290 3812
290 5012
290 7399
290 8152
1010 3813
1010 4324
1010 6615
1010 6651
3289 3815
3289 7271
582 3817
3019 3818
2449 3819
2847 3820
2847 4824
3750 3823
3750 4480
3750 4711
3750 6336
644 3826
644 5139
644 5531
3791 3828
3791 4448
3791 9016
2261 3830
3536 3832
2419 3834
3615 3835
1737 3836
1577 3838
1577 4257
2189 3840
1060 3842
3129 3843
3129 4713
3129 5797
3129 7174
3774 3844
3334 3845
3334 4869
3621 3846
3621 7646
3528 3847
3528 5604
3528 9437
1903 3848
1903 4887
1053 3850
1053 8227
1544 3851
1544 8965
3637 3853
3637 4698
3838 3858
3838 4466
1472 3860
1472 6130
2174 3863
2174 3920
2434 3866
390 3867
390 8068
3088 3872
3088 5103
3088 6878
2727 3876
3598 3879
3598 4961
3598 5226
3598 7573
3854 3881
3854 8095
3854 8531
1042 3882
1042 6870
1042 8791
2069 3883
2069 4811
3465 3885
1627 3886
1937 3890
1937 9192
1793 3895
3514 3896
3514 5071
2512 3897
2512 3980
2512 5026
2512 8222
1403 3898
1403 4774
1403 5073
1403 8731
2280 3899
2280 7792
2567 3902
1434 3903
1434 4070
2994 3904
2366 3905
2366 4702
2366 7168
759 3906
759 8521
759 8983
3548 3909
3548 4328
3007 3912
3007 5152
3048 3914
3048 6189
919 3918
2374 3919
2374 8848
2374 9479
2229 3921
3049 3922
2645 3923
2645 4555
1000 3924
3891 3926
2153 3927
2037 3930
2418 3934
2418 5721
2418 9201
1025 3936
1025 8284
2756 3938
2756 5552
2756 5880
2756 9359
3054 3940
3054 8117
3054 9009
3563 3944
3563 7736
2646 3945
2646 8081
3485 3946
888 3948
1815 3949
1815 4541
1815 6414
3385 3952
3385 4143
3108 3954
3634 3955
3763 3956
3935 3958
3935 6621
3935 7949
3935 8893
3935 8946
3565 3959
3034 3963
3034 5697
3680 3964
3680 6221
3680 9630
1621 3967
3656 3968
3656 4904
3245 3970
2609 3971
1131 3973
1131 4680
1131 6929
2629 3974
3549 3975
2522 3978
2522 4643
3835 3981
3835 5888
3835 7389
976 3983
976 4356
127 3985
127 7738
2822 3987
2240 3988
2240 4213
1849 3994
2693 3999
1659 4000
1659 4386
1659 6210
3398 4001
3459 4003
3459 5679
3459 7274
1309 4004
1309 9220
1970 4005
2871 4007
2871 9543
3293 4009
3293 6829
2560 4010
2040 4011
2040 9262
1331 4017
1108 4018
1108 5848
1108 6224
3360 4019
3360 5656
3360 5942
3954 4021
3981 4022
3417 4024
3417 4779
3417 5261
3851 4027
3851 5357
3851 9956
3200 4028
3200 4835
3200 6134
1889 4031
1889 5424
3966 4032
3966 8812
3664 4035
3664 5947
2926 4036
2868 4037
2868 9805
3357 4041
3357 5892
3924 4043
2195 4045
3239 4046
3239 5748
3757 4047
3003 4048
3865 4049
3865 7305
3865 7952
3914 4052
3914 4395
3808 4053
3808 5110
3161 4056
3616 4061
3616 4524
3246 4062
177 4063
177 5267
1433 4065
1433 4590
1433 6108
3022 4066
3022 5413
3022 6247
3022 9777
1925 4068
1925 5409
1502 4069
1502 4250
3426 4071
3426 7616
2734 4073
2734 4944
2734 7783
2772 4074
2404 4076
3104 4077
3104 4237
3104 8710
2633 4078
2633 9837
4054 4079
3569 4081
3569 9118
2013 4082
2013 6475
3743 4083
3743 8518
3743 9324
4080 4084
4080 7474
2150 4088
3751 4089
3751 4845
3751 5310
3751 5555
3751 7405
3498 4090
3498 4805
3310 4092
1682 4093
816 4095
816 6270
3168 4100
3269 4105
3269 5246
3269 5629
3269 6571
4069 4108
4069 4343
4069 4683
4018 4109
4018 4157
4018 4889
4018 9157
2927 4110
2927 5905
3714 4111
3714 5007
3714 5966
3221 4115
3221 5252
3221 5385
3221 5998
2961 4116
176 4117
2023 4118
2023 6107
1894 4119
1894 5812
1894 6656
1894 7314
3079 4121
3804 4123
3804 7543
1730 4126
1730 4421
3243 4127
3243 5649
3435 4131
3435 5538
3435 9377
4065 4133
4065 5288
4065 7448
3471 4135
3782 4136
2673 4139
1843 4141
3166 4142
3166 5127
3540 4144
3540 4478
3540 6128
2907 4145
2907 8735
3233 4146
3233 5768
1650 4148
1650 6343
1650 8279
1789 4150
3027 4151
3597 4153
1893 4154
1893 7247
2101 4160
2101 7306
2075 4162
2075 5361
4098 4164
4038 4165
2309 4166
2309 8680
2125 4167
2125 8629
2813 4169
2813 4260
2813 5779
2813 9213
2368 4170
1392 4171
2376 4173
2876 4176
3667 4180
3667 5144
3667 5459
1971 4181
3657 4182
3657 4781
3708 4183
936 4184
936 4228
936 6985
1428 4185
1428 8781
2321 4186
2504 4187
3020 4191
3020 9978
1681 4193
1352 4194
3213 4197
2983 4203
2983 9418
3238 4204
2113 4207
2113 5195
3798 4209
2234 4210
3309 4211
3599 4212
3599 8568
3599 9296
4108 4214
4108 5300
3903 4215
3903 9912
3903 9940
1725 4216
1725 4563
1725 6951
2873 4217
2873 6984
3152 4218
1726 4219
1726 6720
2034 4221
2034 9050
1330 4223
594 4226
2406 4229
2406 4283
2928 4231
3661 4232
3661 7624
431 4236
431 7565
2542 4243
3678 4245
3678 7715
3678 8059
3922 4247
3922 5131
3546 4248
3546 5187
3467 4249
3467 9307
3995 4251
386 4253
386 7167
2576 4255
2576 7360
3580 4256
3580 5285
3210 4258
3210 7206
4214 4263
4214 5451
3890 4264
3890 6575
3468 4265
3818 4266
3631 4267
3631 6017
3631 7767
4228 4268
1585 4269
1585 4471
3359 4271
3472 4272
3472 5174
3472 8716
2816 4274
2816 4360
4030 4275
4030 5844
4266 4276
2676 4277
3738 4284
3738 5376
3738 9537
2382 4285
2382 5234
3837 4286
3837 9701
2047 4290
2862 4293
2862 6431
4252 4294
4252 4844
2764 4297
2764 5775
2764 9055
4004 4298
2720 4299
2720 4514
3116 4300
3721 4304
3721 4442
2206 4307
2206 4833
3311 4309
3311 5274
3311 6799
3311 8937
2369 4311
2369 4780
1554 4314
3391 4316
3391 7204
2896 4322
3069 4326
1446 4331
2855 4332
4103 4333
4103 4933
1288 4334
1288 5124
2695 4336
3811 4337
2731 4338
1579 4340
1803 4342
3553 4344
1911 4346
1911 6704
2849 4347
2849 5128
2090 4348
3182 4349
3182 5801
2344 4350
2344 6931
2344 8750
1079 4351
3706 4352
3706 5969
3706 8331
1483 4354
1483 6239
1483 6869
1483 7666
1483 8100
2917 4355
2917 6032
2250 4359
2250 4943
951 4363
951 4544
951 7082
3732 4364
3732 4439
3746 4366
3746 8423
3365 4367
1557 4368
1557 6376
709 4370
709 8119
709 9749
4242 4371
4242 5488
3451 4372
1431 4373
3076 4375
4256 4376
4256 5839
4256 7316
4256 9360
2372 4377
2372 4792
1615 4378
2771 4380
2771 4806
2771 4901
4197 4382
4197 5985
2056 4383
4260 4389
4260 8986
4124 4390
4124 7678
2865 4391
2865 6264
3931 4392
3184 4397
3184 5100
3184 6331
3913 4399
3913 8988
3913 9981
4345 4400
4345 7749
4345 8270
1698 4401
2757 4406
2757 7446
1791 4408
1791 7426
3543 4410
3543 5218
3543 6114
2239 4413
2239 5945
1924 4414
1873 4417
1873 7931
3901 4418
3901 6268
3901 8362
3556 4422
3487 4423
4302 4428
2989 4430
2989 8996
4015 4434
4015 5474
4015 7264
4015 7834
3998 4436
2097 4437
3943 4441
2936 4445
2936 6574
2936 7932
3824 4446
3824 7813
3462 4447
3462 9801
2916 4450
2916 5703
3313 4451
3962 4452
2266 4453
2266 6558
2266 8701
4319 4455
638 4456
638 8161
3235 4458
3149 4460
3976 4462
3976 4664
3899 4463
3899 6977
3899 8805
4301 4464
2703 4465
2703 6033
2703 7796
2703 9335
1537 4469
1537 7268
1630 4470
4086 4472
4086 5439
2451 4476
2451 5079
2451 6280
4237 4477
4237 5541
4237 6004
3658 4481
4295 4482
2129 4486
2129 5326
3768 4490
4375 4491
4375 8970
4375 9855
4248 4492
1418 4493
1418 8211
2338 4495
2338 7388
1589 4496
4063 4498
935 4499
4449 4501
4449 9642
4170 4504
3799 4505
2500 4507
2500 9804
2127 4509
2127 5774
3151 4511
3151 9030
3196 4512
3196 8283
3666 4513
3666 8323
2186 4516
2186 4918
2186 6341
3590 4520
1931 4521
4125 4525
1055 4526
1055 9258
1610 4527
2680 4528
3316 4530
3316 5955
3316 7291
2864 4533
2864 7864
4210 4534
1149 4535
1149 4790
4494 4538
4494 5084
3268 4540
3268 5561
2860 4542
3418 4543
3418 6490
4073 4545
4073 4766
4142 4549
4142 5299
2861 4550
2235 4553
3803 4558
2655 4559
2655 4842
2655 5295
4013 4560
4013 4679
4013 5415
4013 7409
3622 4562
3977 4565
3977 9143
2797 4568
2797 6437
1094 4570
1094 6333
1094 8922
568 4576
3201 4577
4195 4578
3460 4579
3460 6766
3617 4582
2671 4583
4090 4584
4090 9963
2851 4585
2851 4903
2851 6233
3016 4589
3016 4796
515 4591
515 9587
3643 4594
3823 4596
3823 6884
1008 4597
1008 7810
3520 4598
2991 4599
2782 4601
2782 6261
2782 9216
4462 4602
1093 4603
1093 5496
4176 4608
2022 4610
2022 7213
661 4611
3734 4612
3734 5637
4189 4613
4189 8454
695 4616
1395 4617
3713 4620
3713 8029
2569 4621
2569 7005
3482 4622
3482 4787
3883 4628
3883 5565
3805 4629
4243 4630
1396 4631
1396 9188
3557 4632
3557 4900
3557 8632
1784 4633
3291 4634
3291 9375
3444 4638
1819 4639
1819 4994
4445 4640
1488 4642
4341 4645
4341 6899
3978 4647
3978 4958
3978 6325
3432 4648
4592 4649
4592 6850
4105 4656
4105 5323
4446 4657
4446 6038
4446 7774
1861 4660
1861 8721
4261 4661
4261 9536
4261 9887
3353 4662
3353 6750
3274 4663
2968 4665
2968 7170
1982 4667
3267 4669
3524 4670
3524 4825
3524 6784
3524 7194
3410 4672
2648 4674
2648 7480
2648 8820
3987 4675
4333 4678
4333 6549
4557 4684
782 4685
3770 4688
2003 4689
3659 4690
3659 6307
3659 9160
1026 4691
3037 4693
1529 4694
1529 7364
4444 4696
4444 7844
1638 4697
3780 4699
3780 5045
3780 5137
2730 4701
4463 4703
4387 4705
2437 4706
3327 4707
3327 7191
3327 9054
3930 4708
3930 8195
2389 4712
2249 4716
3058 4717
1302 4722
2932 4724
2932 5203
4154 4729
4154 5153
3117 4731
3117 6231
3117 7512
3117 9886
1494 4732
1494 5628
1494 6852
2132 4733
2132 5059
4611 4735
4611 7891
2667 4738
2667 5662
2667 9373
3469 4739
2760 4740
4271 4742
3939 4745
3939 5408
4712 4748
4712 9165
4616 4750
4616 6805
4361 4751
4361 9129
2154 4752
2762 4753
2463 4754
2463 5399
4011 4756
3684 4757
2607 4759
2607 8646
2607 9397
3407 4764
3407 6451
3407 8021
3560 4767
3560 7275
2198 4770
2198 5677
2198 5959
2198 6469
2198 7828
4167 4775
4167 5421
247 4778
247 9388
1324 4782
4215 4783
4215 9074
1997 4789
3170 4793
3170 9598
4771 4794
3788 4797
3788 5185
2911 4798
4683 4799
4683 8968
2866 4800
3836 4802
1722 4803
1722 4839
2058 4804
4589 4807
4589 4965
4589 6173
4589 6594
4589 8449
4253 4808
4253 7202
4037 4809
2740 4810
2740 5454
2740 6155
4464 4812
2394 4816
2394 5341
4503 4817
4059 4818
4476 4821
2085 4822
3610 4828
2295 4829
4573 4832
4573 8326
4374 4834
4374 8660
2157 4836
2157 5794
2439 4837
1606 4840
1606 5513
3586 4841
4119 4847
4316 4848
4316 7201
3458 4851
1842 4852
1842 8734
3256 4855
895 4856
4746 4857
1305 4858
1305 4995
3140 4859
3140 7634
3936 4861
3936 5921
3936 6699
1772 4864
2966 4866
2335 4867
2335 9095
3888 4868
2417 4872
3585 4882
3585 7137
2685 4883
2685 5406
3701 4884
3701 6008
3701 6795
2499 4891
2499 5384
3950 4892
4768 4898
1916 4899
4648 4902
905 4905
905 9521
471 4906
471 5364
471 9194
3759 4907
3759 6256
3873 4908
4865 4909
2233 4910
2233 8987
3050 4914
3050 5566
3050 9675
4780 4917
4443 4920
4443 6533
4443 9412
4710 4921
4351 4923
4351 5770
620 4925
2626 4927
4428 4931
2501 4932
2501 5877
3965 4935
4171 4936
4171 6732
3856 4938
3856 4942
3856 5056
4618 4941
1785 4946
2508 4948
2508 5277
1870 4950
4951 4953
4951 5222
4551 4954
2828 4962
2474 4963
4866 4964
4866 8434
2516 4966
3845 4967
3845 5805
3969 4968
3969 5692
3969 8125
3700 4969
3794 4971
3794 6572
3794 8617
3794 9867
1828 4972
3529 4977
3529 6657
3529 6831
4749 4982
4749 5909
4764 4983
4512 4985
4512 5597
3651 4986
3651 7180
4504 4987
4820 4989
3568 4990
3568 5075
4723 4992
4984 4993
4157 4996
4157 8651
4157 9808
4920 4999
4920 5205
4920 8057
4220 5001
3473 5002
3473 7252
3100 5003
2707 5006
4568 5008
3644 5009
3644 8073
1075 5010
3476 5011
4544 5014
4544 8067
2393 5016
1644 5017
1644 6355
4085 5022
4810 5023
4810 6764
4083 5027
4083 5380
4083 7559
4083 8315
3070 5030
4346 5032
1210 5033
1210 6411
4867 5034
3087 5035
2969 5037
4776 5038
3318 5041
4133 5042
1373 5043
1373 5440
3989 5044
3989 8552
3989 8844
4646 5049
1231 5050
1231 7383
4864 5052
4864 8116
4186 5061
1672 5062
1274 5063
4808 5064
4808 5711
4808 5786
4808 9097
3704 5065
4555 5067
3663 5069
4719 5070
3652 5072
3652 7099
3652 8726
3703 5074
3703 5824
1611 5078
955 5080
955 9446
2893 5083
2893 5224
1586 5086
1586 7397
1586 7991
1908 5087
2137 5091
1080 5093
577 5095
577 8425
577 9198
1754 5098
1754 5465
1754 7372
2070 5099
4706 5102
4787 5105
4787 5397
3866 5108
4131 5113
4352 5114
4352 6516
4472 5117
4427 5118
3601 5120
2959 5121
3558 5122
3696 5123
4055 5126
4450 5130
4450 5379
4450 5723
1768 5133
1768 5209
1768 5803
2031 5134
2031 7141
4132 5135
3595 5136
4698 5141
4698 5996
4999 5142
4805 5143
3478 5146
2733 5147
2733 7277
3567 5148
3567 6567
5037 5149
5037 5771
1973 5150
4292 5151
1524 5158
1524 8551
1524 9773
4422 5160
4422 6643
4631 5161
4631 5879
4661 5162
4661 8777
4458 5164
3985 5166
3985 6541
4077 5169
2666 5170
2666 9811
4447 5171
4435 5173
4435 6295
4435 7015
4435 8455
1545 5175
4654 5176
4087 5177
3215 5180
2107 5182
2107 6996
2468 5184
5126 5186
5126 9145
3422 5189
3422 9856
1401 5198
1940 5201
2332 5211
2953 5212
2953 7034
2020 5213
2925 5214
2925 5387
2925 8280
2925 8775
1088 5215
1088 7998
3697 5217
3697 8365
1757 5221
1757 7993
3197 5223
3197 6612
5182 5225
5182 8208
2490 5227
3354 5228
3354 5340
3354 7548
5133 5230
5133 9223
1962 5231
1962 8044
1962 9057
4525 5233
4525 7699
3254 5237
1337 5238
1337 5618
2854 5240
3203 5241
2408 5243
2408 7362
4165 5244
4165 7282
1270 5247
4947 5248
4947 6362
4947 7203
1275 5249
1275 5283
4183 5253
3994 5254
1640 5255
4324 5257
4572 5258
4572 7886
1699 5259
4892 5263
4892 5680
4688 5264
4688 7435
4558 5265
2492 5266
1297 5268
1297 6029
1297 8555
3778 5273
3778 5347
4825 5276
4825 7692
4590 5278
813 5279
813 6327
813 9962
4365 5282
4485 5286
3632 5287
1133 5291
3801 5296
4182 5301
3844 5305
5139 5306
5139 8798
3679 5307
3211 5308
3283 5309
3283 6488
3283 7057
4538 5312
4538 7578
1171 5314
1171 9202
1265 5318
1265 9381
2615 5319
2615 6429
2615 9740
3687 5321
3687 9008
4403 5325
4403 5773
4307 5331
4307 6761
4307 6942
2842 5334
2842 8574
2220 5335
2220 9468
3576 5338
3576 8091
3576 9352
4517 5339
4517 5754
3735 5342
2899 5343
1773 5345
1773 6645
1773 8516
1667 5348
5179 5350
5179 9640
4181 5351
1857 5352
3754 5353
3754 6365
1253 5354
3929 5356
2845 5358
2845 7437
2845 9311
5080 5359
2976 5360
2976 9284
5244 5362
5244 7002
3402 5363
1014 5368
1014 6435
1014 8565
1413 5369
1413 5718
1413 6432
1413 8047
1413 9573
4872 5370
4872 6340
4574 5371
4574 8432
4574 8440
4206 5373
4206 6425
4053 5377
4053 5434
4053 6027
4053 8289
2171 5378
1693 5388
1693 9116
3301 5390
3301 6146
3301 9594
1394 5391
1394 6218
2779 5392
2779 5603
4600 5394
4281 5396
5013 5400
5013 6534
5013 9769
1291 5401
1291 6833
3259 5402
5241 5403
5241 5492
4769 5404
4245 5405
4245 9497
3921 5411
3921 7684
3921 9784
3008 5414
3008 6875
4159 5416
2580 5417
3810 5418
3021 5420
3021 5941
3748 5425
5094 5427
4299 5428
4299 9711
4008 5429
4008 5889
4008 6515
2774 5431
2774 6009
5320 5432
1608 5435
1608 6086
2749 5436
4110 5437
5385 5441
5385 7081
2307 5442
2307 8999
2307 9541
4718 5443
5194 5444
3300 5446
3300 6129
2929 5447
5173 5448
5173 6206
5173 7392
5209 5449
5209 5925
5146 5450
3489 5453
3489 5780
2358 5455
3790 5457
4690 5461
3941 5462
4419 5463
4419 7743
3195 5466
4255 5467
4255 5792
4255 6347
2808 5468
2785 5469
4194 5470
5112 5473
5318 5475
5318 7765
5318 8526
3647 5477
993 5480
5087 5483
4760 5484
2331 5485
5079 5486
4900 5487
1411 5490
1411 6606
5036 5493
5036 7249
1691 5497
1691 6557
1691 7518
2545 5499
2545 9281
4779 5501
4094 5502
4899 5503
4497 5505
452 5506
3014 5508
3014 5563
4578 5511
4578 8225
3886 5512
3886 6648
3055 5515
4930 5516
1943 5517
2735 5518
2735 6473
5161 5520
5161 7147
4963 5523
4673 5524
4673 6502
3550 5525
3550 5825
3137 5527
2612 5528
2612 6291
1142 5530
2986 5532
5121 5533
3755 5534
3755 6695
3897 5535
5339 5536
5339 7398
3258 5543
3258 5608
2230 5544
2230 8661
4649 5546
4649 6705
1884 5547
1363 5548
4421 5550
4421 7138
4421 9402
4201 5551
5222 5553
4612 5558
4612 8307
3944 5559
3017 5560
4563 5562
5083 5564
5083 8006
481 5567
3346 5569
3179 5571
3179 6484
3179 7609
2472 5572
4595 5573
4595 8515
5117 5577
4320 5578
4320 9965
3760 5579
969 5580
969 8272
1759 5581
5245 5582
5245 5788
5245 7781
5055 5584
5055 7862
5422 5585
5422 8954
2806 5586
2806 5619
3136 5587
5243 5588
4355 5589
4355 8466
4047 5591
4047 6191
5064 5592
5064 6923
5064 7066
3500 5595
5010 5596
3952 5599
3559 5601
4088 5602
4088 6071
4088 6603
4088 8566
2914 5605
4838 5606
4838 6588
4838 7568
5393 5610
2888 5611
2888 8359
5511 5613
5511 8139
5511 9882
4280 5614
4280 5830
4280 7119
4280 7606
4280 9542
2169 5616
2169 8780
5551 5617
5551 8833
5122 5620
2225 5621
3208 5623
3208 6118
3881 5625
5072 5626
5072 7237
1552 5630
5319 5631
2815 5632
3670 5634
4937 5638
4937 7113
1386 5643
2111 5644
4489 5648
5475 5651
3705 5652
3705 5866
3705 9736
2923 5660
2923 9036
5213 5661
5213 8981
4634 5663
5050 5664
261 5668
5321 5669
1019 5671
3681 5672
4992 5673
3932 5674
915 5678
915 6282
3991 5681
5200 5682
5200 9470
3303 5683
3303 7519
2000 5684
2327 5685
4204 5686
4204 5702
4204 6230
4204 6454
5305 5687
5305 6363
5305 7593
5480 5691
4734 5693
4734 7244
4084 5694
4084 5862
4084 6143
1639 5695
4644 5696
4644 6520
4736 5698
5596 5699
4822 5700
4822 9416
5623 5705
3081 5707
3081 8877
3493 5708
3493 6299
4840 5709
4824 5710
4824 7640
3649 5713
3825 5714
3825 8793
2316 5716
3596 5719
3596 8122
5019 5720
1126 5722
1126 6184
3955 5728
3955 6810
3955 9278
3344 5731
3344 6089
5137 5732
1569 5740
5335 5741
2718 5742
643 5743
5076 5745
2562 5746
4390 5750
5251 5752
5729 5757
5729 6100
5729 8758
4414 5758
4414 9578
5517 5759
5517 6232
5517 8136
5517 8973
3980 5760
3980 6956
3980 9743
2564 5761
3453 5762
3453 7338
3171 5763
2990 5767
4269 5769
4269 6940
5118 5778
5118 6450
2765 5781
2765 9058
3286 5783
2622 5784
2622 6202
3925 5787
3320 5789
1432 5790
4567 5791
4567 9574
2594 5793
3997 5795
5192 5796
3463 5798
3463 9308
4129 5802
4314 5806
4580 5809
3530 5811
3530 6465
4227 5814
4227 9652
4227 9686
5629 5815
2268 5816
2268 6339
2268 6528
2268 8855
3904 5818
4608 5819
5543 5820
1266 5821
3829 5826
5342 5827
886 5828
886 6922
2717 5829
4747 5831
4747 8335
5040 5834
2048 5835
2924 5836
4977 5838
4977 8519
2052 5840
2052 7140
5554 5841
1508 5842
5500 5843
5500 7596
4327 5845
4327 6834
4327 7509
5768 5847
5668 5849
5668 7214
2955 5850
1474 5854
4575 5857
4888 5858
3765 5859
3765 7468
4279 5860
5297 5861
5437 5863
5174 5864
5174 6416
5174 6957
4235 5865
4235 6703
3996 5868
3996 7835
3996 9809
3628 5869
5160 5873
5160 7377
5160 8578
3654 5874
2381 5875
2381 6864
2811 5881
4870 5882
4020 5883
599 5884
5066 5885
5066 8494
3639 5886
3639 8209
2318 5887
2555 5890
2173 5891
4224 5893
4224 6081
3474 5894
5435 5897
5435 9420
2191 5898
3403 5899
4359 5900
4136 5902
4264 5903
3773 5904
3773 9073
714 5906
5763 5907
5763 6294
2241 5908
5685 5910
5685 6323
3010 5911
3010 7022
5887 5913
769 5918
769 6329
5303 5920
5709 5922
5704 5923
5704 8897
3147 5924
4941 5926
5439 5928
5439 8019
3265 5929
3265 9186
3938 5930
5733 5932
5733 6212
5848 5933
4093 5934
4093 6174
4093 8843
2984 5939
3887 5940
1910 5944
5259 5948
5259 6248
3085 5950
2970 5952
2970 8313
4803 5953
4803 7233
5479 5956
5479 7934
5012 5958
5785 5960
5785 6631
5785 6885
5143 5961
999 5963
619 5965
619 9085
619 9535
299 5968
3207 5971
4106 5972
1855 5973
4693 5977
4693 6602
2937 5978
4003 5979
4003 7258
5676 5984
5676 7162
2963 5986
2466 5987
3982 5989
3362 5993
2276 5997
2877 6003
2877 6109
5020 6005
5020 9413
3261 6006
2663 6007
2663 7768
548 6010
5001 6011
3579 6014
5759 6015
5759 6517
4772 6020
4619 6021
5017 6023
5017 6208
5407 6025
5407 8572
5483 6028
5483 7925
5483 8101
3821 6031
3665 6035
3406 6036
3406 7235
3406 9334
4478 6037
5791 6039
4922 6040
2625 6041
2625 6203
2625 9183
5538 6042
5538 6334
5538 8219
5007 6043
5007 8010
5735 6044
2656 6045
4298 6046
3361 6047
3361 6115
5256 6048
5256 6666
5256 7858
4262 6049
5842 6050
5842 8787
5821 6051
5938 6054
5042 6055
1654 6058
4137 6059
4158 6060
3115 6061
3984 6062
3984 7730
5807 6063
4635 6065
4635 7097
3990 6067
3990 7011
1987 6068
2644 6069
5900 6074
5900 7073
1164 6075
1164 7262
3796 6077
3796 8240
4329 6078
4329 8048
3306 6079
3306 9847
4101 6082
4459 6088
4459 8468
5048 6090
3885 6093
5096 6095
5096 8939
5039 6096
1187 6097
4929 6101
3148 6105
3148 9001
4738 6106
4956 6110
5700 6112
5700 7583
5700 8611
4174 6113
4174 6518
4174 8621
4174 8921
5957 6116
5957 9660
2292 6117
420 6120
3390 6125
3317 6131
5667 6137
5667 7285
5002 6138
5425 6139
5425 6496
5425 6661
5425 6944
5425 7975
1239 6140
1239 8668
4679 6141
4679 6361
4213 6142
4213 9719
4528 6145
5863 6148
6143 6152
6143 7401
2725 6153
2725 6972
3916 6154
3916 9336
4025 6157
4025 7210
4025 9382
5884 6159
2839 6162
5210 6163
5658 6164
4417 6165
5159 6166
3739 6167
3739 6418
3739 7542
6055 6168
6055 9065
5898 6170
5898 8778
5516 6171
5516 7322
5516 7350
5997 6172
4192 6175
4192 7189
4192 9896
3847 6176
3847 9544
3505 6180
5552 6181
5246 6182
5246 9226
4412 6183
1217 6185
3917 6186
3660 6188
5725 6190
5374 6192
4630 6194
5431 6196
5431 8121
3517 6198
3517 9096
4837 6199
4837 8598
5918 6201
3928 6205
3928 9442
1804 6207
1528 6211
2905 6214
6020 6216
6080 6220
6080 7665
6080 8872
6052 6222
6052 7537
1376 6223
3352 6225
3352 8034
5783 6226
1625 6227
5016 6228
4318 6229
4318 8079
2360 6235
2360 7056
5260 6237
2664 6238
3605 6240
3806 6241
3806 7253
963 6242
3093 6243
3093 6774
2748 6246
2748 7831
2748 9396
1425 6249
1425 7032
3378 6250
3378 7453
1200 6252
5851 6253
5851 6712
3494 6255
3494 9077
3494 9568
6028 6257
1117 6262
1117 6591
6000 6263
1905 6267
1905 8292
1905 9514
1864 6269
4685 6271
2938 6275
2938 6988
3004 6276
4565 6277
2203 6279
4196 6283
3641 6285
4151 6287
5998 6289
2462 6290
5772 6292
3349 6293
3349 7085
3349 7111
3349 7320
3312 6296
3312 8666
549 6297
1370 6302
1787 6303
3231 6304
6214 6306
6214 7240
3358 6308
4075 6309
6201 6310
6201 9924
4727 6312
2967 6313
2967 6978
1515 6314
1515 8718
3408 6315
3852 6317
2941 6319
4990 6320
4990 6937
5969 6322
5969 6707
4072 6324
3720 6328
3720 7712
3341 6332
5846 6337
1613 6338
4881 6342
4645 6344
4645 7452
4794 6345
4794 8940
4325 6346
4325 9303
3833 6348
5911 6349
5911 8445
2818 6351
2011 6352
2920 6353
2181 6357
3619 6359
4311 6360
4311 8944
5312 6364
5312 6392
5312 6398
6016 6366
4014 6367
5298 6370
4601 6371
5526 6372
5526 9187
5955 6373
5583 6375
5583 7841
5489 6379
5489 6862
1651 6382
1651 8907
1651 9589
5468 6383
5559 6385
3707 6386
4112 6388
3071 6389
3071 8183
3071 8192
3640 6397
5452 6402
5925 6404
5925 8941
2895 6405
5694 6406
5181 6407
5181 8923
5882 6408
3507 6409
1155 6410
3189 6413
5906 6415
5906 6584
1391 6417
5794 6419
5794 7567
5794 7896
5794 8058
3583 6420
4885 6421
4885 7980
3368 6428
3180 6433
6348 6434
6348 8776
1140 6438
5978 6440
5978 7123
4426 6441
3510 6443
3510 8490
6183 6444
3089 6446
3089 8375
6229 6447
6229 6943
4178 6448
2660 6452
6204 6453
6204 9022
6437 6456
3906 6457
1720 6460
6369 6461
6369 7733
5231 6462
2592 6463
2592 6553
2592 8864
5093 6464
5093 6625
5093 6987
3331 6466
5481 6467
5481 8558
654 6468
654 9584
6372 6471
5131 6472
5131 8389
5236 6474
5236 9970
4902 6476
3892 6477
3892 6840
5163 6478
5163 8851
5542 6479
5688 6480
866 6481
2943 6482
2943 8201
3155 6486
3155 8077
4964 6494
4964 9448
6050 6497
6050 7186
6050 8630
5350 6498
5147 6499
6116 6500
5057 6501
4016 6504
4016 8529
6109 6505
6109 6925
6280 6507
5639 6508
6338 6509
3625 6510
3625 7443
2518 6511
4437 6512
5845 6519
5927 6521
5927 7295
5927 8232
5927 9872
2619 6523
3185 6525
3185 7493
3470 6526
4356 6527
4001 6532
4001 9063
2147 6535
2795 6536
2909 6537
2909 9898
5831 6544
5873 6545
5488 6547
5488 8743
2543 6548
3718 6550
4836 6552
3466 6554
2044 6559
2044 6941
2044 8682
6454 6560
5287 6562
2534 6564
1064 6565
6083 6566
6083 9766
4168 6568
5588 6569
5588 8925
3134 6570
3134 7020
4244 6573
4244 8800
2553 6576
2553 8246
4150 6578
5198 6579
5123 6582
1312 6583
3125 6586
3125 7307
1605 6593
4530 6595
4267 6596
2875 6597
6256 6599
6256 8896
6256 9476
5870 6600
5240 6601
4809 6604
4809 7713
2488 6605
2308 6607
5249 6608
5249 6781
2526 6611
2526 9814
4513 6616
4965 6618
6054 6619
6249 6620
3279 6622
3279 7312
3279 8807
4399 6623
4399 8752
4399 9237
4774 6626
4774 8002
1513 6627
1513 6708
3066 6628
6303 6630
5406 6632
4670 6633
6584 6634
4913 6635
4680 6637
3764 6638
4050 6640
4050 7460
3934 6641
320 6642
320 8785
320 9683
5063 6644
5184 6646
6475 6647
5224 6649
5224 7608
5224 8053
3038 6650
4880 6653
474 6654
474 7475
6018 6655
4385 6660
3198 6662
3198 9422
5861 6663
5861 7384
6398 6664
6398 8258
4160 6665
5603 6667
5603 7444
5603 7508
3512 6668
6230 6670
6230 8342
1600 6672
5447 6673
4284 6676
4985 6678
4155 6679
1321 6682
1500 6683
1500 8187
4610 6686
4610 8220
5275 6690
5275 7163
2363 6692
2363 6821
2363 6844
2363 7421
6062 6697
5537 6698
5537 7354
4226 6701
2668 6709
4474 6710
5793 6713
5793 8343
5793 9873
4527 6714
6285 6716
6285 8366
3059 6718
3059 8657
3059 9086
4898 6719
4455 6721
4389 6723
6075 6724
6075 9510
2669 6725
4982 6729
4982 8947
5411 6733
3039 6734
4954 6735
828 6737
3688 6739
3688 7794
3688 8927
2221 6740
2221 9189
1919 6741
1919 7251
1875 6746
1875 9347
2951 6747
6034 6748
6034 7731
2869 6751
2869 9046
6411 6752
2114 6753
2114 7156
4135 6754
5492 6755
5492 8616
6253 6756
4060 6757
6151 6758
6151 7018
5877 6762
5877 8814
2857 6763
3436 6767
3436 7905
6592 6769
5191 6770
6585 6771
4294 6772
5238 6773
6291 6776
5530 6778
5530 8662
4919 6780
4919 6873
6047 6782
6158 6785
6158 7311
5206 6787
5206 8056
5237 6789
5662 6790
6134 6792
3314 6793
3314 8120
4130 6794
5746 6796
3419 6797
5170 6798
5170 8670
5641 6800
4708 6803
4708 8118
5970 6804
2246 6806
5919 6807
4406 6808
2716 6809
6102 6811
6102 6817
356 6812
6530 6813
3296 6815
6663 6816
6663 7667
5921 6818
5654 6822
4439 6823
4627 6826
6524 6827
6258 6830
946 6832
5070 6837
5070 9268
5070 9859
5613 6841
5613 8129
1344 6842
1344 7387
2559 6843
4027 6845
6091 6846
6839 6847
6466 6848
6466 9255
6247 6853
911 6854
5797 6855
5797 9993
4023 6859
2128 6860
6089 6861
4566 6867
4566 7574
3395 6871
5761 6876
3157 6877
4211 6879
5544 6881
6065 6883
6065 7374
5250 6886
5250 8563
4614 6887
6345 6889
2950 6891
2950 7798
3566 6894
6673 6896
5736 6897
2761 6900
2761 8204
5085 6901
5085 7187
3947 6903
1765 6904
4748 6905
3832 6906
4970 6907
4970 7462
5913 6908
5316 6909
5316 8619
6427 6911
3015 6912
6852 6913
6852 9369
4830 6914
6640 6915
5843 6916
6373 6917
6722 6918
5638 6926
5638 9292
2659 6927
5381 6928
5985 6933
5555 6934
6163 6939
6163 7356
3011 6945
4722 6946
4722 7873
4343 6948
3905 6950
6443 6952
6628 6953
5734 6954
5734 7663
5415 6955
4958 6958
4914 6959
5645 6960
5412 6961
5412 7139
3609 6962
5926 6963
5926 8770
2603 6967
5386 6971
5386 8361
4584 6973
3859 6974
3859 9628
2620 6979
6780 6980
5175 6982
5986 6983
5986 7370
943 6991
943 7561
5444 6992
6071 6993
6071 7700
1744 6994
1744 7820
6808 6995
443 6998
443 7173
1580 7000
5618 7001
5618 9618
1635 7003
6994 7006
6994 9900
4339 7007
2639 7009
3257 7010
6298 7013
4040 7014
5984 7016
6636 7021
5936 7024
5936 9356
6432 7025
6732 7026
6450 7028
5634 7029
2587 7035
6978 7036
6568 7038
4000 7039
5465 7040
5164 7041
6664 7043
3692 7044
3692 9697
6892 7045
6892 8397
3042 7046
3042 7125
6177 7047
6177 9035
5910 7050
5895 7051
3511 7052
3511 9649
4980 7053
4980 7287
5660 7058
4394 7060
2270 7062
2751 7063
4145 7064
4145 8418
5193 7065
3614 7067
3577 7068
1328 7069
1452 7071
1452 7318
6626 7074
5567 7075
6188 7077
1860 7078
4800 7080
2540 7083
2540 7590
2216 7086
4127 7088
4127 9913
5942 7090
5942 9955
5619 7091
5619 8510
2213 7092
6457 7093
5177 7094
2690 7096
2690 8231
3933 7098
3163 7100
1734 7101
5965 7103
5965 7737
6580 7104
4121 7107
6696 7108
2176 7110
1157 7112
2057 7115
4477 7116
4477 8767
6508 7117
3219 7118
5615 7120
5615 8749
4588 7121
2476 7122
7075 7124
2324 7127
4878 7128
4878 9264
5789 7130
6332 7131
6332 7368
4424 7132
6056 7133
3333 7134
3333 9444
4973 7135
5168 7136
3620 7142
1708 7145
6601 7146
3061 7151
3061 7855
3809 7152
6553 7153
2946 7157
5197 7158
6441 7159
6441 8733
5908 7161
5402 7164
5402 8500
3960 7169
3587 7172
4759 7175
4759 7901
5211 7176
5211 9668
5901 7177
5901 7445
1713 7181
5886 7182
5183 7183
3820 7184
3870 7185
3702 7188
2427 7190
768 7193
7148 7197
5132 7198
6417 7200
6417 8819
4367 7208
4383 7209
5646 7211
4847 7212
4330 7215
4099 7217
7049 7218
5261 7219
6042 7220
6238 7222
5864 7223
6910 7226
5247 7227
5247 7786
5247 9894
1360 7228
3240 7230
3240 8238
6011 7231
6213 7232
6213 7782
6213 9980
3534 7239
5420 7241
4932 7243
4932 7705
4932 9671
3946 7245
4934 7246
4934 7856
5495 7250
2621 7255
1948 7257
5204 7260
7168 7261
7168 7632
6244 7263
6676 7265
5804 7266
5003 7269
2653 7270
2653 7695
2653 8308
4207 7272
6412 7273
3526 7276
1941 7278
5687 7279
5687 9295
6594 7280
6594 7900
6670 7284
6670 7366
6846 7286
6846 7303
6846 7865
5477 7288
5095 7292
4641 7294
6795 7296
7157 7297
7082 7298
7082 7516
7082 7809
6933 7300
3251 7301
3874 7302
2287 7304
6021 7308
6021 7503
5769 7309
4819 7313
5701 7317
5865 7319
6211 7323
3351 7325
6275 7326
6108 7327
6108 8761
3570 7333
6973 7334
4917 7335
4643 7340
6484 7341
5805 7342
6320 7344
6320 7846
6320 8111
4730 7345
6544 7346
7198 7347
7198 8138
3900 7348
3900 7988
3909 7349
5572 7351
6346 7352
6346 8976
3455 7357
3322 7358
4695 7359
3895 7361
1362 7363
2042 7365
2042 9503
6639 7367
6639 9053
7016 7369
6587 7373
6587 7579
2388 7376
2388 9252
4148 7378
6067 7379
2547 7380
4725 7382
472 7386
5934 7390
4545 7391
7041 7395
7116 7396
4308 7400
1564 7402
4851 7403
6300 7404
6300 7654
6300 8637
4074 7407
3988 7408
3988 8379
5999 7410
5999 9482
2858 7411
2858 8971
3627 7413
3627 8123
3627 8264
5375 7418
5375 9253
7232 7419
6683 7420
6359 7423
6359 8133
7205 7427
6235 7429
7024 7430
7024 8765
4066 7431
5724 7432
5724 9549
5777 7433
5777 7639
5872 7434
5872 9708
3876 7436
7160 7438
7160 7894
4813 7439
4560 7440
1307 7442
5586 7449
4092 7451
5839 7454
3633 7455
2758 7457
2758 8823
6837 7459
2008 7465
4647 7466
6101 7467
5560 7469
6424 7472
6980 7473
1496 7476
7370 7477
6004 7478
6004 8533
6385 7479
6581 7481
6581 8179
5049 7482
5308 7483
5308 9615
4012 7484
4869 7485
3396 7487
5074 7490
5101 7492
1511 7494
1511 9757
3789 7495
3275 7496
3275 8338
3275 9946
7468 7497
3920 7499
3920 9830
6752 7500
6752 7589
5332 7501
1727 7502
1727 8274
6556 7506
4140 7513
6561 7514
6322 7517
6444 7520
274 7521
296 7522
4096 7523
6033 7524
6033 8290
3971 7526
7056 7527
3676 7528
5478 7529
7338 7532
7023 7533
7023 9673
5448 7534
4818 7535
1756 7536
3131 7539
3131 9532
6461 7540
6461 8495
4974 7541
4974 9851
4423 7545
4423 9164
4423 9861
2825 7546
6714 7547
6097 7550
6376 7552
7497 7556
7497 9287
5931 7557
1469 7558
7118 7560
2657 7563
4416 7569
1197 7570
1197 8252
6423 7572
4441 7577
4441 8159
3277 7580
7551 7582
2348 7584
2348 9047
7275 7585
6962 7586
7326 7587
5392 7588
4535 7594
4535 9877
6761 7595
6608 7597
6608 9475
2679 7599
2679 7619
2679 8141
6422 7600
7137 7601
7137 8420
4475 7605
1954 7607
1954 8040
6507 7610
6507 7682
5400 7611
7526 7612
5140 7613
2448 7614
656 7615
774 7617
3843 7618
2595 7620
4740 7622
4740 8013
6105 7623
6914 7625
5269 7626
5269 9504
2390 7627
2390 8426
5904 7628
3544 7630
3544 9275
5490 7631
7531 7635
2076 7637
1927 7638
4276 7641
5780 7644
5780 8706
3095 7647
6494 7649
6494 8562
7411 7650
4393 7651
5834 7652
5915 7653
3600 7655
4175 7657
1883 7658
1883 8072
6191 7661
5721 7662
5933 7664
6384 7669
7318 7670
6868 7672
7229 7673
7229 9953
2743 7674
2743 8900
7514 7676
5987 7677
4143 7683
6811 7685
4017 7688
7664 7689
4952 7690
6622 7693
6622 8687
7025 7694
6113 7696
3105 7697
4532 7701
5389 7702
7248 7703
3907 7704
7679 7708
7486 7709
6654 7710
6654 8447
6518 7716
6941 7717
5698 7719
7433 7720
4826 7721
5796 7723
7183 7724
6794 7725
7373 7726
7069 7728
3624 7734
6964 7739
5081 7740
3305 7742
5849 7745
5849 8001
2940 7747
2940 9677
4338 7748
6199 7750
6199 8459
4116 7751
6884 7754
2844 7756
6669 7757
6226 7759
6226 8106
5712 7761
3241 7764
3241 9290
7607 7769
2675 7770
4962 7772
4962 8569
4962 9440
3646 7775
3646 9959
7398 7776
5082 7778
5082 9995
4184 7779
5751 7780
748 7784
4579 7785
5979 7788
7765 7789
4028 7790
4028 8916
5430 7791
5212 7793
1259 7797
4972 7800
4972 8376
3740 7801
6147 7802
7637 7805
7637 8926
7344 7807
6276 7817
7186 7818
2222 7819
4655 7821
5757 7822
5757 8154
4827 7823
4827 8669
6375 7824
7591 7825
7591 9619
6212 7827
2412 7830
2412 8875
7560 7832
7560 9620
7078 7833
6001 7838
7103 7840
7640 7843
1285 7845
1285 8045
3716 7847
4052 7849
4743 7850
6022 7851
6128 7854
3226 7857
3350 7859
3673 7863
6293 7866
6315 7869
6315 8493
6821 7872
1048 7874
1048 9276
2589 7875
4208 7876
2414 7877
4109 7878
1531 7879
6153 7880
6153 8742
7632 7881
7632 7883
7632 9612
2623 7885
2831 7887
6477 7888
1981 7890
1981 9570
6036 7893
1795 7895
6063 7899
5876 7902
4903 7904
6801 7906
6099 7907
3523 7911
6540 7912
2416 7914
2416 8168
7554 7915
5292 7916
7349 7917
5418 7918
7737 7919
2992 7920
4185 7921
7481 7922
5894 7923
1125 7924
6791 7928
6791 8969
7549 7935
3683 7936
7477 7937
6273 7938
6755 7939
6755 9407
4717 7940
6885 7943
779 7945
5086 7946
5086 9385
5476 7947
6665 7948
4442 7950
5023 7955
4097 7956
1244 7957
7931 7958
7931 8610
7099 7961
7099 9484
6932 7962
6932 8281
6932 9915
3535 7964
5827 7965
5827 9322
7457 7967
4514 7968
7583 7969
2275 7971
5059 7972
7150 7973
7051 7974
5710 7976
5710 8103
4340 7977
2702 7978
4795 7981
3541 7985
7194 7986
4079 7987
7561 7989
7561 9467
5030 7990
3175 7992
4506 7996
7581 8000
7581 8105
3045 8003
7454 8005
7454 8253
4975 8007
6481 8008
6485 8015
4559 8016
4559 9361
7297 8017
3849 8018
3942 8026
3942 9629
7579 8028
6170 8030
6170 9796
6326 8033
7894 8035
7658 8037
3446 8038
5705 8039
7533 8041
7676 8043
7423 8046
6938 8049
5113 8050
7142 8055
6987 8060
4622 8061
7047 8062
2624 8063
2624 8267
7484 8071
7280 8074
7280 8502
2202 8075
6506 8076
2689 8078
7026 8082
4128 8083
5625 8085
5625 9817
6888 8086
5679 8087
5545 8088
4440 8089
2133 8092
5185 8094
7666 8097
7666 9141
1298 8098
3012 8099
4304 8102
6936 8104
1070 8107
7166 8109
7369 8110
3282 8112
3282 8433
6077 8114
2754 8115
2954 8126
6166 8127
5485 8128
6236 8130
3227 8131
6040 8132
5014 8140
5014 8587
5014 9285
5107 8142
4908 8143
7252 8144
5571 8146
6886 8147
7317 8149
6813 8150
6813 8978
5156 8151
5156 8517
4626 8153
3347 8155
6435 8157
887 8158
5844 8160
1213 8164
7717 8165
7808 8166
4841 8167
3795 8170
5670 8174
8090 8175
4705 8176
6162 8177
6162 9888
7673 8178
5939 8180
1938 8184
1938 8920
6383 8186
3554 8188
6241 8189
7884 8190
1504 8194
4117 8196
5893 8197
6630 8198
4664 8199
4350 8200
1061 8202
3284 8203
3284 9124
4508 8205
4508 9527
7324 8207
8104 8212
8104 9227
7290 8213
5798 8215
7532 8216
7079 8217
5024 8218
5935 8221
6905 8223
6220 8230
3206 8234
6149 8235
3084 8236
6395 8241
3205 8243
6044 8244
4946 8250
7006 8251
3719 8254
1059 8256
5850 8259
5850 8472
5467 8261
7960 8262
7760 8265
4515 8266
7700 8268
5432 8269
7138 8273
6712 8275
7067 8276
7067 9394
7490 8277
2510 8278
3776 8282
3776 9101
5100 8286
8110 8291
8134 8293
8250 8294
2430 8295
7745 8296
7358 8298
4624 8302
3672 8303
5557 8304
7619 8305
7284 8306
1839 8310
3819 8311
7436 8312
2167 8314
7961 8317
8190 8318
6705 8319
7748 8320
7878 8321
7878 9821
7721 8322
7413 8324
7413 8811
8251 8325
6527 8327
6917 8328
7766 8329
5739 8330
5739 9392
7820 8332
4540 8333
8266 8336
7785 8337
7211 8339
3542 8340
4289 8341
7197 8344
7197 9901
5458 8346
7227 8347
7586 8348
5462 8349
4285 8351
5649 8352
5018 8354
5018 8891
1096 8355
5731 8356
7407 8358
4699 8360
7802 8363
6157 8364
6157 9289
7613 8367
7613 9191
8031 8369
7495 8370
2752 8372
7754 8373
7754 9110
8360 8374
7091 8380
7091 9931
3078 8382
4801 8383
3445 8385
5273 8386
6564 8387
3077 8391
3077 8444
2791 8393
3126 8394
6311 8395
5727 8396
8177 8398
8325 8399
6415 8400
4715 8401
6623 8402
7667 8403
3607 8406
6848 8407
6848 9409
7098 8409
6867 8410
6867 8883
6867 9037
7394 8411
7845 8412
6295 8413
5327 8414
3555 8415
3555 8858
6087 8416
5453 8417
2025 8419
7978 8421
7347 8422
7123 8424
7123 8655
8374 8427
8372 8428
5531 8429
5329 8431
5058 8435
2015 8437
2557 8439
2557 9082
5601 8441
8192 8442
898 8443
898 8966
6869 8446
8126 8448
1816 8450
3728 8451
6947 8452
6947 9695
7537 8453
4396 8456
6621 8457
6621 9488
4089 8458
2999 8460
7762 8461
7904 8462
2903 8463
4021 8465
4775 8467
6747 8469
4188 8470
4438 8471
2334 8474
7883 8476
5145 8479
7777 8480
7777 9080
4139 8481
4509 8482
7237 8483
4987 8484
642 8485
6182 8487
4418 8491
5723 8492
5723 9599
5359 8496
8188 8497
6194 8498
6194 9726
6060 8499
7593 8501
7593 9762
1335 8503
1335 8708
4757 8505
4796 8506
5218 8507
4991 8508
2314 8512
1400 8513
7111 8520
7111 9000
7111 9876
6612 8523
6479 8524
3005 8525
7482 8527
7482 8879
7482 9927
7215 8528
2078 8532
2078 9345
4249 8534
7686 8535
6583 8536
6844 8537
5214 8540
5214 9144
5214 9155
7858 8541
4767 8542
5403 8544
5346 8545
2665 8546
7944 8548
7944 9411
7651 8549
7114 8550
8269 8556
2184 8557
4057 8559
6467 8560
3194 8564
6954 8567
1527 8570
8060 8571
7959 8575
7959 8869
1752 8576
8380 8577
8179 8579
8179 9941
7444 8583
3527 8584
2584 8585
3332 8586
7350 8588
5740 8591
4850 8592
7911 8593
5376 8594
8382 8595
6838 8596
6838 9703
964 8597
7219 8602
3509 8603
4792 8604
4371 8606
7005 8609
7005 9441
4456 8612
3480 8613
3480 9603
3480 9635
3304 8614
4272 8615
3958 8622
7507 8623
2605 8625
5549 8626
7985 8627
6567 8634
6853 8635
7838 8636
4481 8638
7948 8639
8307 8640
7859 8641
4120 8642
4045 8644
3629 8645
6955 8647
5460 8648
8146 8649
5496 8650
1853 8652
8086 8653
8409 8654
2524 8656
6208 8658
6681 8659
6681 9613
5611 8667
5611 8862
7188 8671
6088 8673
6321 8674
4118 8675
4425 8676
6793 8677
2365 8678
6400 8679
2652 8681
8197 8683
8197 9823
6945 8684
4058 8685
3993 8688
7226 8689
3190 8691
4753 8692
7094 8693
5841 8695
7714 8696
6135 8697
6135 9689
6963 8699
3112 8700
4846 8703
6187 8705
6815 8709
6958 8711
3715 8712
8439 8715
1135 8722
3348 8723
4915 8724
7217 8727
7328 8728
2891 8730
2891 9866
7946 8736
7922 8737
5304 8738
5617 8740
5617 8929
5617 9358
6145 8741
8611 8744
7600 8745
5770 8746
5770 9337
3578 8747
4400 8754
7535 8755
5808 8757
5808 9260
8618 8759
5450 8762
5450 9621
2383 8763
4806 8764
4806 8771
5097 8766
8597 8768
3158 8773
6331 8774
6331 9554
4363 8779
4363 9756
7693 8784
4002 8786
8063 8788
2420 8789
2420 9138
2420 9196
6644 8790
8741 8792
8527 8795
8527 9403
5441 8797
4897 8799
3792 8803
3792 8881
3792 9802
6765 8804
6292 8806
6292 9647
5941 8808
1714 8809
1714 9908
2141 8810
7681 8818
8178 8822
8348 8824
5748 8828
5748 9390
7915 8829
5356 8832
7611 8835
6541 8836
7064 8839
6264 8841
7208 8842
6720 8845
2998 8847
6819 8852
7046 8856
5758 8857
2981 8860
2172 8861
5816 8863
7019 8866
5760 8867
6521 8868
6120 8870
6120 9751
8531 8871
8531 9300
7846 8876
7542 8878
4095 8880
8267 8884
6431 8886
3448 8887
7630 8890
8154 8895
7022 8898
7750 8899
6830 8901
7709 8902
8680 8904
6403 8906
7575 8908
2482 8912
6185 8913
5286 8915
6736 8917
5009 8918
375 8919
4550 8924
4684 8930
8218 8933
4312 8935
4312 9060
8712 8936
5930 8938
4949 8942
5952 8943
7387 8948
7171 8949
7171 9250
1712 8950
4858 8951
2767 8952
2767 9181
3452 8953
7167 8955
7298 8957
8342 8958
6152 8959
4609 8960
7236 8962
5203 8963
4928 8964
6560 8967
8670 8972
3861 8974
7015 8982
7181 8984
3376 8985
3376 9117
4064 8989
7403 8990
2325 8991
2325 9772
3889 8993
5621 8994
5621 9127
8806 8995
5837 8998
7659 9002
5609 9003
6070 9007
4587 9011
2631 9012
6779 9013
8196 9014
5217 9018
7281 9019
8027 9020
8027 9905
6476 9021
6476 9735
6165 9023
8637 9024
8212 9025
8212 9331
8776 9027
3729 9031
6343 9032
5464 9033
7803 9034
5883 9038
8699 9039
4978 9040
7501 9041
8529 9044
8529 9650
7782 9048
3869 9049
5253 9051
5253 9825
8277 9052
7823 9059
2535 9061
7742 9062
2409 9064
5322 9066
5053 9068
6245 9069
6488 9070
6488 9456
6010 9072
8173 9075
6760 9076
7128 9078
5689 9079
3323 9081
4468 9083
7309 9084
2301 9087
3532 9090
3603 9091
4408 9092
5866 9093
5355 9094
8883 9098
8509 9099
8509 9106
7408 9100
7629 9102
4663 9104
5885 9105
5885 9992
8213 9108
8213 9971
5669 9109
4804 9111
7712 9112
8065 9113
7271 9114
6283 9115
6446 9119
5109 9120
5753 9121
3787 9122
3325 9125
3964 9126
4049 9128
4049 9203
2578 9130
1542 9131
4364 9132
9113 9135
3217 9136
4006 9137
6659 9139
2279 9140
4993 9142
3372 9146
3438 9148
3329 9149
3329 9602
6312 9150
3437 9152
5124 9153
5553 9156
2704 9158
1180 9162
8945 9163
7612 9166
8270 9167
5633 9169
5633 9439
3383 9173
6786 9174
7540 9175
8333 9176
8333 9690
5947 9177
5947 9184
5728 9178
7578 9179
6903 9180
1874 9182
8324 9190
6501 9193
2378 9195
8296 9199
6981 9200
3949 9204
8232 9205
3138 9206
2353 9209
7104 9210
7814 9211
6700 9212
6700 9755
8069 9214
3662 9215
8502 9217
8624 9218
3218 9219
7862 9222
4212 9224
6167 9225
7178 9228
1680 9230
8242 9231
6469 9232
2789 9233
3337 9236
8157 9238
8451 9240
7767 9241
6013 9244
6013 9653
6351 9246
5284 9247
6353 9248
8132 9249
5388 9251
3484 9254
8424 9256
2521 9257
7351 9259
8351 9261
4591 9263
2238 9265
8292 9266
1521 9270
6579 9271
5750 9272
7107 9277
3853 9279
5818 9280
8202 9282
6449 9291
4833 9293
5755 9294
6778 9297
6141 9298
4451 9299
4451 9925
8482 9302
3953 9304
3953 9427
4921 9305
635 9306
8071 9309
6637 9313
8707 9314
8076 9316
4172 9320
4785 9321
5784 9323
8576 9325
5499 9326
7254 9327
6983 9328
4496 9329
4496 9606
8665 9332
8760 9333
7753 9338
5714 9341
5521 9344
6111 9348
4744 9349
4744 9838
3572 9350
5289 9351
3216 9353
7491 9355
7850 9357
1419 9362
4943 9363
6533 9364
3912 9366
7546 9367
5326 9368
3187 9370
9314 9371
9314 9596
8968 9372
2786 9376
2786 9807
5988 9378
8570 9380
7110 9383
7089 9384
8036 9389
7977 9391
776 9393
5230 9399
5230 9423
6728 9400
7680 9401
6025 9404
6990 9405
8406 9406
1782 9408
1782 9685
8552 9410
9126 9414
7707 9415
7707 9996
8037 9419
2617 9421
8273 9425
6909 9426
6600 9428
7109 9429
7836 9431
5695 9433
7695 9434
7695 9550
4223 9435
5031 9436
5966 9438
7053 9443
5235 9445
9297 9447
8488 9449
4713 9450
1422 9451
9256 9452
8545 9453
6268 9454
5484 9455
4742 9457
6061 9458
6061 9990
8516 9459
8681 9461
2130 9462
7791 9464
4602 9466
8690 9469
8861 9473
6783 9474
4882 9477
4882 9835
5394 9478
4461 9480
8995 9487
1383 9489
2549 9490
6875 9492
7115 9493
9304 9494
5524 9495
5354 9501
5620 9502
2583 9505
4358 9506
2507 9507
7441 9508
3411 9511
6203 9512
4384 9513
7021 9515
6390 9516
3209 9517
1674 9518
9158 9519
5313 9520
2183 9523
7539 9524
978 9525
4397 9526
9370 9528
6707 9529
4677 9530
2102 9531
7152 9533
7445 9534
7445 9799
9165 9538
9258 9539
8602 9540
3276 9546
9481 9547
5189 9551
5764 9552
5764 9564
8057 9553
7768 9555
8868 9556
8280 9558
5134 9560
8259 9561
4278 9563
8780 9565
9164 9567
4386 9569
9318 9572
1348 9575
8757 9576
8254 9577
7231 9580
2274 9582
6184 9583
3736 9585
5408 9586
5408 9849
7624 9588
9293 9590
8097 9592
5811 9593
4231 9595
4231 9885
8728 9601
6114 9604
8734 9605
8356 9607
9212 9609
9542 9610
7688 9611
7095 9614
8719 9616
1854 9617
9558 9623
6420 9624
8245 9625
8180 9627
7325 9631
7325 9704
6940 9632
8628 9633
8344 9636
6719 9637
7854 9638
7854 9744
7571 9641
8705 9646
6471 9648
2144 9656
6829 9657
7755 9659
694 9661
8758 9662
4839 9663
8731 9664
7545 9665
7842 9666
7409 9674
1284 9676
2179 9679
8445 9681
7938 9687
4382 9688
5397 9691
1901 9692
1530 9693
7787 9696
7999 9698
8237 9700
7900 9705
5977 9707
9514 9710
2826 9712
9240 9713
6492 9714
6123 9715
7995 9716
6410 9717
5005 9718
8225 9721
8225 9930
9135 9723
7139 9724
5291 9725
6827 9727
5148 9729
9341 9730
1221 9731
2672 9733
2672 9890
4907 9734
1111 9738
1317 9739
5035 9741
6576 9742
2162 9746
2162 9937
6227 9747
6535 9748
5652 9750
6024 9754
9755 9759
5832 9760
7708 9761
2431 9765
4692 9767
5909 9768
5410 9770
5562 9771
6557 9774
4524 9776
8785 9779
6115 9780
8291 9781
8073 9782
7732 9783
1232 9785
9381 9786
9246 9787
8582 9788
8616 9790
6032 9791
8363 9792
2371 9793
8641 9794
4652 9795
5252 9797
7360 9798
2024 9800
7739 9806
8490 9810
9302 9813
9004 9815
9347 9818
7362 9819
8840 9820
8203 9824
9739 9826
5626 9827
9632 9829
6215 9834
5600 9836
4549 9839
9404 9840
3141 9843
9819 9845
8145 9848
2286 9850
6812 9852
5443 9853
4368 9858
2299 9860
2942 9862
3193 9863
9310 9864
4989 9869
4842 9870
5347 9871
8278 9875
6470 9879
4326 9883
1238 9884
7819 9889
4173 9891
5188 9892
7670 9899
6660 9902
8962 9903
2055 9904
4376 9910
8713 9911
9028 9918
6205 9919
8577 9920
7313 9921
7264 9922
3896 9923
4332 9926
5574 9928
4270 9929
4585 9932
7867 9933
8329 9934
8621 9935
5205 9936
9154 9939
1167 9942
7888 9943
7405 9944
8538 9949
3002 9950
8608 9952
9125 9954
8999 9957
7438 9958
2579 9960
1574 9966
1935 9967
8951 9968
6107 9969
4335 9972
5092 9973
2804 9974
9937 9976
8652 9979
6363 9982
1185 9984
3693 9985
8285 9987
3266 9988
8365 9989
4887 9994
9376 9999
